00000.png;1830;1;1919;46;1;0.40
00000.png;1830;1;1919;48;1;0.43
00000.png;1830;1;1919;55;1;0.50
00000.png;1829;1;1919;60;1;0.55
00000.png;1829;1;1919;62;1;0.56
00000.png;1829;1;1919;66;1;0.59
00000.png;1829;1;1919;66;1;0.59
00000.png;1828;1;1919;68;1;0.61
00000.png;1827;1;1919;73;1;0.64
00000.png;1827;1;1919;74;1;0.64
00000.png;1827;1;1919;74;1;0.64
00000.png;1827;1;1919;74;1;0.64
00000.png;1826;1;1919;75;1;0.65
00000.png;1826;1;1919;76;1;0.65
00000.png;1826;1;1919;76;1;0.65
00000.png;1825;1;1919;77;1;0.66
00000.png;139;592;244;638;1;0.55
00001.png;1838;1;1919;54;1;0.41
00001.png;1834;1;1919;54;1;0.44
00001.png;1830;1;1919;55;1;0.47
00002.png;1829;1;1919;64;1;0.41
00002.png;1824;1;1919;64;1;0.44
00002.png;1821;1;1919;64;1;0.46
00003.png;1308;411;1569;574;1;0.92
00003.png;1307;411;1569;574;1;0.92
00003.png;1307;411;1569;574;1;0.92
00003.png;1307;411;1569;574;1;0.92
00003.png;1307;411;1569;575;1;0.92
00003.png;1307;411;1569;575;1;0.92
00003.png;1307;411;1569;575;1;0.92
00003.png;1307;411;1569;575;1;0.92
00003.png;1306;411;1569;575;1;0.91
00003.png;1306;411;1569;575;1;0.91
00003.png;1306;410;1570;575;1;0.91
00003.png;1306;410;1570;575;1;0.91
00003.png;1303;407;1573;579;1;0.85
00003.png;1303;407;1573;579;1;0.85
00003.png;1303;406;1573;579;1;0.85
00003.png;1303;406;1573;579;1;0.85
00003.png;1303;406;1573;579;1;0.85
00003.png;1302;406;1574;579;1;0.85
00004.png;1470;433;1599;478;1;1.00
00004.png;1470;433;1599;479;1;1.00
00004.png;1470;433;1599;479;1;1.00
00004.png;1470;432;1600;479;1;1.00
00004.png;1470;432;1600;479;1;1.00
00004.png;1355;487;1602;600;1;0.94
00004.png;1355;487;1602;600;1;0.94
00004.png;1355;487;1603;600;1;0.94
00004.png;1355;486;1603;600;1;0.94
00004.png;1355;486;1603;600;1;0.94
00004.png;1355;486;1603;600;1;0.94
00004.png;1353;435;1460;481;1;0.99
00004.png;1353;435;1460;481;1;0.99
00004.png;1352;435;1460;481;1;0.99
00004.png;1352;435;1460;481;1;0.99
00004.png;1352;434;1460;481;1;0.99
00004.png;176;553;291;596;1;0.48
00004.png;176;552;291;596;1;0.47
00004.png;176;552;293;597;1;0.45
00004.png;176;552;293;597;1;0.45
00004.png;1352;483;1605;604;1;0.93
00005.png;1153;465;1245;509;1;1.00
00005.png;1153;464;1245;509;1;0.99
00005.png;1153;464;1246;509;1;0.99
00005.png;1152;464;1246;509;1;0.98
00005.png;1152;464;1246;510;1;0.98
00005.png;1256;468;1390;513;1;0.99
00005.png;1256;468;1390;514;1;0.99
00005.png;1256;468;1391;514;1;0.99
00005.png;1256;468;1391;514;1;0.99
00005.png;1256;467;1391;514;1;0.98
00005.png;1256;467;1392;514;1;0.97
00005.png;1151;518;1389;630;1;0.92
00005.png;1151;518;1390;630;1;0.92
00005.png;1151;517;1390;630;1;0.92
00005.png;1151;517;1390;630;1;0.92
00005.png;1150;517;1390;630;1;0.92
00005.png;1150;517;1390;630;1;0.92
00005.png;1150;517;1390;630;1;0.92
00006.png;731;88;832;122;1;1.00
00006.png;626;51;934;344;1;0.95
00007.png;1303;376;1588;558;1;0.83
00007.png;1302;376;1588;558;1;0.82
00007.png;1302;375;1588;558;1;0.82
00007.png;1302;375;1588;558;1;0.82
00007.png;1302;375;1588;558;1;0.82
00007.png;1302;375;1588;558;1;0.82
00007.png;1302;375;1588;558;1;0.82
00007.png;1302;375;1588;558;1;0.82
00007.png;1302;375;1589;558;1;0.82
00007.png;1302;375;1589;558;1;0.82
00007.png;1298;371;1592;563;1;0.77
00008.png;1232;502;1416;604;1;0.91
00008.png;1326;463;1418;504;1;0.98
00008.png;1326;463;1418;504;1;0.98
00008.png;1326;463;1418;504;1;0.98
00008.png;1326;462;1418;504;1;0.98
00008.png;1326;462;1418;504;1;0.98
00008.png;1326;462;1418;504;1;0.98
00008.png;1326;462;1418;504;1;0.98
00008.png;1236;456;1317;496;1;0.99
00008.png;1236;456;1317;496;1;0.99
00008.png;1236;455;1317;496;1;0.99
00008.png;1236;455;1317;496;1;0.99
00008.png;1235;455;1317;496;1;0.99
00008.png;1325;462;1418;504;1;0.98
00009.png;1278;430;1509;579;1;0.98
00009.png;1278;430;1509;579;1;0.98
00009.png;1278;430;1509;579;1;0.98
00009.png;1278;429;1510;579;1;0.98
00009.png;1278;429;1510;579;1;0.98
00010.png;1197;522;1426;625;1;0.94
00010.png;1314;477;1429;524;1;0.94
00010.png;1204;471;1304;515;1;0.99
00010.png;1203;471;1304;515;1;0.99
00010.png;1313;477;1429;524;1;0.94
00010.png;1203;470;1305;516;1;0.98
00011.png;1367;394;1502;458;1;0.76
00011.png;1367;394;1502;458;1;0.76
00011.png;1367;394;1502;459;1;0.76
00011.png;1367;393;1502;459;1;0.75
00011.png;1367;393;1502;459;1;0.75
00011.png;1366;393;1502;459;1;0.75
00011.png;1366;393;1503;459;1;0.75
00011.png;1366;393;1503;459;1;0.75
00011.png;1366;393;1503;459;1;0.75
00011.png;1199;444;1496;616;1;0.80
00011.png;1199;444;1496;616;1;0.80
00011.png;1199;444;1496;616;1;0.80
00011.png;1199;444;1496;616;1;0.80
00011.png;1199;444;1496;616;1;0.80
00011.png;1199;444;1496;616;1;0.80
00011.png;1199;444;1496;616;1;0.80
00011.png;1199;443;1496;617;1;0.80
00011.png;1198;443;1497;617;1;0.80
00011.png;1198;443;1497;617;1;0.80
00011.png;1198;443;1497;617;1;0.80
00011.png;1198;443;1497;617;1;0.80
00011.png;1214;375;1354;441;1;0.81
00011.png;1214;375;1355;441;1;0.81
00011.png;1214;375;1355;441;1;0.81
00011.png;1214;374;1355;441;1;0.80
00011.png;1214;374;1355;441;1;0.80
00011.png;1214;374;1355;441;1;0.80
00011.png;1214;374;1355;441;1;0.80
00011.png;1214;374;1355;441;1;0.80
00011.png;1214;374;1355;441;1;0.80
00011.png;1214;374;1355;441;1;0.80
00011.png;1214;374;1355;442;1;0.79
00011.png;1213;374;1357;442;1;0.78
00011.png;1194;439;1500;620;1;0.76
00011.png;1194;438;1500;621;1;0.76
00011.png;1194;438;1500;621;1;0.76
00011.png;1194;438;1500;621;1;0.76
00011.png;1194;438;1500;621;1;0.76
00011.png;1194;438;1500;621;1;0.76
00011.png;1194;438;1500;621;1;0.76
00011.png;1194;438;1500;621;1;0.76
00012.png;1137;328;1523;456;1;0.84
00012.png;1137;328;1523;456;1;0.84
00012.png;1136;327;1524;456;1;0.83
00012.png;1136;327;1524;456;1;0.83
00012.png;1136;327;1524;456;1;0.83
00012.png;1136;327;1525;456;1;0.83
00012.png;1121;429;1515;621;1;0.89
00012.png;1121;429;1515;621;1;0.89
00012.png;1121;429;1515;621;1;0.89
00012.png;1121;429;1515;621;1;0.89
00012.png;1121;429;1515;621;1;0.89
00012.png;1121;428;1515;621;1;0.89
00012.png;1120;428;1515;622;1;0.88
00012.png;1120;428;1515;622;1;0.88
00012.png;1120;428;1515;622;1;0.88
00012.png;1117;425;1518;625;1;0.86
00013.png;751;188;984;375;1;0.91
00013.png;750;188;984;375;1;0.91
00013.png;750;188;984;375;1;0.91
00013.png;750;188;984;375;1;0.91
00013.png;750;188;985;375;1;0.91
00013.png;750;188;985;375;1;0.91
00013.png;750;187;985;376;1;0.90
00013.png;750;187;985;376;1;0.90
00013.png;749;187;985;376;1;0.89
00013.png;749;187;985;376;1;0.89
00013.png;749;187;985;376;1;0.89
00013.png;749;187;985;376;1;0.89
00013.png;749;187;985;376;1;0.89
00013.png;749;187;985;376;1;0.89
00013.png;749;186;985;376;1;0.89
00015.png;640;206;868;394;1;0.97
00015.png;640;206;869;394;1;0.97
00016.png;850;165;1247;367;1;0.59
00016.png;850;165;1248;368;1;0.58
00016.png;850;165;1248;368;1;0.58
00016.png;850;165;1249;368;1;0.58
00016.png;850;165;1249;368;1;0.58
00016.png;858;227;1085;360;1;0.86
00016.png;858;227;1085;360;1;0.86
00016.png;858;227;1085;360;1;0.86
00016.png;858;227;1086;361;1;0.86
00016.png;857;227;1086;361;1;0.86
00016.png;857;227;1086;361;1;0.86
00016.png;857;227;1086;361;1;0.86
00016.png;857;227;1086;361;1;0.86
00016.png;857;226;1086;361;1;0.85
00016.png;857;226;1086;361;1;0.85
00016.png;857;226;1086;361;1;0.85
00016.png;857;226;1086;361;1;0.85
00016.png;857;226;1086;361;1;0.85
00016.png;857;226;1086;361;1;0.85
00016.png;857;226;1086;361;1;0.85
00016.png;857;226;1086;361;1;0.85
00016.png;857;226;1086;361;1;0.85
00016.png;857;226;1086;361;1;0.85
00016.png;857;226;1086;361;1;0.85
00016.png;857;226;1086;361;1;0.85
00016.png;857;226;1086;361;1;0.85
00016.png;857;226;1086;361;1;0.85
00016.png;857;226;1086;361;1;0.85
00016.png;857;226;1086;362;1;0.84
00016.png;857;226;1086;362;1;0.84
00016.png;856;226;1086;362;1;0.83
00016.png;856;226;1086;362;1;0.83
00016.png;856;225;1087;362;1;0.83
00016.png;856;225;1087;362;1;0.83
00016.png;974;172;1084;213;1;0.80
00016.png;974;172;1084;213;1;0.80
00016.png;974;172;1084;213;1;0.80
00016.png;974;172;1084;213;1;0.80
00016.png;974;172;1084;213;1;0.80
00016.png;974;172;1084;213;1;0.80
00016.png;974;172;1084;213;1;0.80
00016.png;974;171;1084;213;1;0.80
00016.png;974;171;1084;213;1;0.80
00016.png;974;171;1084;213;1;0.80
00016.png;974;171;1084;213;1;0.80
00016.png;973;171;1084;213;1;0.79
00016.png;973;171;1084;213;1;0.79
00016.png;973;171;1085;214;1;0.78
00016.png;973;171;1085;214;1;0.78
00016.png;973;171;1085;214;1;0.78
00016.png;973;171;1085;214;1;0.78
00016.png;973;171;1085;214;1;0.78
00016.png;973;171;1085;214;1;0.78
00016.png;973;171;1085;214;1;0.78
00016.png;973;171;1085;214;1;0.78
00016.png;973;171;1085;214;1;0.78
00016.png;973;171;1085;214;1;0.78
00016.png;973;171;1085;214;1;0.78
00016.png;973;170;1085;214;1;0.76
00016.png;973;170;1085;215;1;0.74
00016.png;973;170;1085;215;1;0.74
00016.png;856;173;961;215;1;0.89
00016.png;856;173;961;215;1;0.89
00016.png;856;173;961;215;1;0.89
00016.png;856;173;961;215;1;0.89
00016.png;856;173;961;215;1;0.89
00016.png;856;173;961;216;1;0.88
00016.png;856;173;961;216;1;0.88
00016.png;856;173;961;216;1;0.88
00016.png;856;173;961;216;1;0.88
00016.png;856;173;961;216;1;0.88
00016.png;856;172;961;216;1;0.87
00016.png;856;172;961;216;1;0.87
00016.png;856;172;961;216;1;0.87
00016.png;856;172;961;216;1;0.87
00016.png;856;172;961;216;1;0.87
00016.png;856;172;961;216;1;0.87
00016.png;856;172;961;216;1;0.87
00016.png;856;172;962;216;1;0.86
00016.png;856;172;962;216;1;0.86
00016.png;856;172;962;216;1;0.86
00016.png;855;172;962;217;1;0.84
00016.png;855;172;962;217;1;0.84
00016.png;855;171;962;217;1;0.82
00016.png;855;171;962;217;1;0.82
00016.png;855;171;962;217;1;0.82
00016.png;855;170;963;217;1;0.80
00016.png;853;223;1090;365;1;0.79
00016.png;853;223;1090;365;1;0.79
00016.png;853;222;1090;365;1;0.79
00016.png;853;222;1090;365;1;0.79
00016.png;853;222;1090;365;1;0.79
00016.png;853;222;1090;365;1;0.79
00016.png;853;222;1090;365;1;0.79
00016.png;853;222;1090;365;1;0.79
00016.png;853;222;1090;366;1;0.78
00016.png;853;222;1090;366;1;0.78
00016.png;853;222;1090;366;1;0.78
00016.png;853;222;1090;366;1;0.78
00016.png;853;222;1090;366;1;0.78
00016.png;853;221;1090;366;1;0.78
00016.png;853;221;1090;366;1;0.78
00016.png;853;221;1090;366;1;0.78
00016.png;853;221;1090;366;1;0.78
00017.png;600;194;825;385;1;0.86
00017.png;600;194;825;385;1;0.86
00017.png;599;194;825;385;1;0.86
00017.png;599;194;825;385;1;0.86
00017.png;599;194;825;385;1;0.86
00017.png;599;194;825;385;1;0.86
00017.png;599;194;825;385;1;0.86
00017.png;599;194;825;385;1;0.86
00017.png;599;194;825;385;1;0.86
00017.png;599;194;825;385;1;0.86
00017.png;599;194;825;385;1;0.86
00017.png;599;193;825;385;1;0.85
00017.png;599;193;825;386;1;0.85
00017.png;599;193;825;386;1;0.85
00017.png;599;193;825;386;1;0.85
00017.png;599;193;826;386;1;0.85
00017.png;599;193;826;386;1;0.85
00017.png;599;193;826;386;1;0.85
00017.png;599;193;826;386;1;0.85
00017.png;599;193;826;386;1;0.85
00017.png;599;193;826;386;1;0.85
00017.png;599;193;826;386;1;0.85
00017.png;599;193;826;386;1;0.85
00017.png;598;193;826;387;1;0.84
00017.png;596;190;829;389;1;0.80
00017.png;596;190;829;389;1;0.80
00017.png;595;190;829;389;1;0.80
00017.png;595;189;829;389;1;0.80
00017.png;595;189;829;389;1;0.80
00017.png;595;189;829;389;1;0.80
00017.png;595;189;829;389;1;0.80
00017.png;595;189;829;389;1;0.80
00018.png;1436;388;1618;455;1;0.81
00018.png;1436;388;1618;455;1;0.81
00018.png;1436;388;1618;456;1;0.81
00018.png;1436;387;1618;456;1;0.81
00018.png;1436;387;1618;456;1;0.81
00018.png;1435;387;1618;456;1;0.81
00018.png;1435;387;1619;456;1;0.80
00018.png;1435;387;1619;456;1;0.80
00018.png;1435;387;1619;456;1;0.80
00018.png;1435;387;1619;456;1;0.80
00018.png;1435;387;1619;456;1;0.80
00018.png;1251;453;1614;580;1;0.78
00018.png;1251;453;1614;580;1;0.78
00018.png;1251;453;1615;580;1;0.78
00018.png;1251;453;1615;580;1;0.78
00018.png;1251;453;1615;580;1;0.78
00018.png;1251;453;1615;580;1;0.78
00018.png;1251;452;1615;580;1;0.78
00018.png;1251;452;1615;580;1;0.78
00018.png;1251;452;1615;580;1;0.78
00018.png;1251;452;1615;580;1;0.78
00018.png;1250;452;1615;581;1;0.78
00018.png;1250;452;1615;581;1;0.78
00018.png;1250;452;1616;581;1;0.77
00018.png;1250;452;1616;581;1;0.77
00018.png;1258;375;1418;441;1;0.90
00018.png;1258;375;1418;441;1;0.90
00018.png;1258;375;1418;441;1;0.90
00018.png;1258;375;1419;441;1;0.90
00018.png;1257;375;1419;441;1;0.90
00018.png;1257;375;1419;441;1;0.90
00018.png;1257;375;1419;441;1;0.90
00018.png;1257;374;1419;442;1;0.88
00018.png;1257;374;1419;442;1;0.88
00018.png;1257;374;1419;442;1;0.88
00018.png;1257;374;1419;442;1;0.88
00018.png;1257;374;1419;442;1;0.88
00018.png;1257;373;1419;442;1;0.87
00018.png;1430;381;1624;461;1;0.73
00018.png;1430;381;1624;461;1;0.73
00018.png;1430;381;1624;461;1;0.73
00018.png;1429;381;1624;461;1;0.73
00018.png;1251;369;1424;447;1;0.80
00018.png;1251;369;1424;447;1;0.80
00018.png;1251;369;1424;447;1;0.80
00018.png;1251;369;1424;447;1;0.80
00018.png;1251;369;1424;448;1;0.80
00018.png;1251;369;1424;448;1;0.80
00018.png;1251;368;1425;448;1;0.79
00018.png;1250;368;1425;448;1;0.79
00018.png;1250;368;1425;448;1;0.79
00018.png;1245;446;1621;585;1;0.74
00018.png;1245;446;1621;585;1;0.74
00018.png;1245;446;1621;586;1;0.73
00018.png;1245;446;1621;586;1;0.73
00018.png;1244;446;1621;586;1;0.73
00018.png;1244;446;1621;586;1;0.73
00018.png;1244;446;1622;586;1;0.73
00018.png;1244;446;1622;586;1;0.73
00018.png;1244;445;1622;586;1;0.73
00019.png;1000;89;1172;271;1;0.43
00019.png;999;88;1173;272;1;0.42
00019.png;723;72;989;261;1;0.52
00019.png;723;71;990;261;1;0.52
00020.png;1000;89;1172;271;1;0.43
00020.png;999;88;1173;272;1;0.42
00020.png;723;72;989;261;1;0.52
00020.png;723;71;990;261;1;0.52
00021.png;1302;371;1701;556;1;0.83
00021.png;1497;297;1703;366;1;0.81
00021.png;1497;297;1703;366;1;0.81
00021.png;1497;297;1703;366;1;0.81
00021.png;1496;297;1704;366;1;0.80
00021.png;1308;290;1479;357;1;0.88
00021.png;1307;290;1479;357;1;0.87
00021.png;1307;290;1479;357;1;0.87
00021.png;1307;289;1479;357;1;0.86
00021.png;1307;289;1479;357;1;0.86
00021.png;1307;289;1479;357;1;0.86
00021.png;1306;289;1480;358;1;0.84
00021.png;1306;288;1480;358;1;0.83
00021.png;1300;283;1485;363;1;0.73
00021.png;1300;283;1485;363;1;0.73
00021.png;1300;282;1485;363;1;0.72
00021.png;1298;365;1633;468;1;0.77
00021.png;1295;364;1707;560;1;0.77
00021.png;1300;282;1485;363;1;0.72
00021.png;1491;291;1709;371;1;0.70
00021.png;1491;291;1709;371;1;0.70
00021.png;1491;290;1709;371;1;0.69
00022.png;1391;387;1718;560;1;0.78
00022.png;1391;387;1718;560;1;0.78
00022.png;1391;387;1718;560;1;0.78
00022.png;1391;386;1718;560;1;0.78
00022.png;1390;386;1718;560;1;0.78
00022.png;1390;386;1718;560;1;0.78
00022.png;1390;386;1718;560;1;0.78
00022.png;1390;386;1718;560;1;0.78
00022.png;1544;334;1722;402;1;0.70
00022.png;1544;334;1723;402;1;0.70
00022.png;1544;334;1723;402;1;0.70
00022.png;1544;334;1723;402;1;0.70
00022.png;1544;334;1723;402;1;0.70
00022.png;1403;319;1531;381;1;0.81
00022.png;1402;319;1532;381;1;0.80
00022.png;1402;318;1532;381;1;0.79
00022.png;1402;318;1532;382;1;0.78
00022.png;1402;318;1532;382;1;0.78
00022.png;1401;318;1532;382;1;0.78
00022.png;1401;318;1532;382;1;0.78
00022.png;1401;318;1533;382;1;0.78
00022.png;1386;381;1722;564;1;0.74
00022.png;1385;381;1722;564;1;0.74
00022.png;1385;381;1723;564;1;0.74
00022.png;1385;381;1723;564;1;0.74
00022.png;1385;381;1723;564;1;0.74
00022.png;1540;329;1727;407;1;0.63
00022.png;1540;328;1727;407;1;0.62
00023.png;733;69;1023;299;1;0.65
00023.png;733;67;1024;300;1;0.64
00024.png;1378;271;1731;490;1;0.94
00024.png;1377;271;1733;490;1;0.94
00024.png;1372;266;1737;420;1;0.88
00024.png;1372;266;1737;420;1;0.88
00024.png;1372;266;1737;420;1;0.88
00026.png;1103;383;1409;571;1;0.87
00026.png;1258;327;1417;406;1;0.90
00027.png;581;107;842;300;1;0.86
00027.png;580;107;842;300;1;0.86
00027.png;580;106;843;300;1;0.85
00027.png;579;106;843;300;1;0.85
00027.png;579;106;843;301;1;0.84
00027.png;579;106;843;301;1;0.84
00027.png;579;105;843;301;1;0.84
00027.png;579;105;843;301;1;0.84
00027.png;579;105;844;301;1;0.84
00027.png;579;105;844;301;1;0.84
00027.png;578;105;844;301;1;0.84
00028.png;1230;264;1624;394;1;0.79
00028.png;1218;332;1612;566;1;0.78
00028.png;1218;332;1612;566;1;0.78
00028.png;1218;331;1612;566;1;0.78
00028.png;1218;331;1612;566;1;0.78
00028.png;1218;331;1613;566;1;0.77
00028.png;1218;331;1613;566;1;0.77
00028.png;1218;331;1613;566;1;0.77
00028.png;1218;331;1613;567;1;0.77
00028.png;1218;331;1613;567;1;0.77
00028.png;1218;331;1613;567;1;0.77
00028.png;1218;331;1613;567;1;0.77
00028.png;1310;366;1436;416;1;0.41
00028.png;1310;366;1436;416;1;0.41
00028.png;1310;366;1436;416;1;0.41
00028.png;1310;366;1436;416;1;0.41
00028.png;1217;331;1613;567;1;0.77
00028.png;1217;330;1614;567;1;0.77
00028.png;1427;275;1623;368;1;0.77
00028.png;1427;275;1623;368;1;0.77
00028.png;1427;275;1623;369;1;0.77
00028.png;1427;275;1623;369;1;0.77
00028.png;1427;274;1623;369;1;0.76
00028.png;1426;274;1623;369;1;0.76
00028.png;1426;274;1623;369;1;0.76
00028.png;1426;274;1623;369;1;0.76
00028.png;1426;273;1623;369;1;0.76
00028.png;1426;273;1623;369;1;0.76
00028.png;1426;273;1623;369;1;0.76
00028.png;1426;273;1623;369;1;0.76
00028.png;1426;273;1623;369;1;0.76
00028.png;1426;273;1624;370;1;0.75
00028.png;1242;246;1415;336;1;0.86
00028.png;1242;246;1416;336;1;0.86
00028.png;1242;246;1416;336;1;0.86
00028.png;1242;246;1416;336;1;0.86
00028.png;1241;246;1416;336;1;0.86
00028.png;1241;245;1416;337;1;0.85
00028.png;1241;245;1416;337;1;0.85
00028.png;1241;245;1416;337;1;0.85
00028.png;1241;245;1416;337;1;0.85
00028.png;1241;245;1416;337;1;0.85
00028.png;1241;245;1417;337;1;0.85
00028.png;1240;245;1417;337;1;0.85
00028.png;1240;245;1417;338;1;0.85
00028.png;1426;273;1624;370;1;0.75
00028.png;1236;241;1420;342;1;0.80
00028.png;1421;270;1627;373;1;0.74
00028.png;1421;270;1627;373;1;0.74
00028.png;1421;270;1627;373;1;0.74
00028.png;1236;241;1420;342;1;0.80
00028.png;1421;270;1628;373;1;0.73
00028.png;1213;326;1618;555;1;0.79
00028.png;1213;326;1618;556;1;0.79
00028.png;1213;326;1618;556;1;0.79
00028.png;1213;326;1618;570;1;0.75
00028.png;1213;325;1618;571;1;0.74
00028.png;1212;325;1618;571;1;0.74
00028.png;1212;325;1618;571;1;0.74
00028.png;1211;325;1619;571;1;0.74
00028.png;1211;325;1619;571;1;0.74
00028.png;1307;363;1440;418;1;0.49
00028.png;1307;362;1440;419;1;0.50
00028.png;1525;412;1593;471;1;0.62
00029.png;1101;364;1443;571;1;0.90
00029.png;1280;314;1453;386;1;0.88
00030.png;1271;341;1540;499;1;0.96
00030.png;1271;341;1540;499;1;0.96
00030.png;1395;283;1535;336;1;0.99
00030.png;1276;278;1383;330;1;0.99
00030.png;1819;348;1919;395;1;0.51
00030.png;1817;348;1919;395;1;0.50
00030.png;1816;347;1919;398;1;0.46
00030.png;1816;347;1919;398;1;0.46
00030.png;1814;347;1919;398;1;0.45
00030.png;1813;347;1919;399;1;0.44
00030.png;1813;347;1919;399;1;0.44
00030.png;1809;346;1919;400;1;0.41
00030.png;1809;346;1919;401;1;0.40
00030.png;1809;346;1919;401;1;0.40
00032.png;1307;207;1748;331;1;0.70
00032.png;1307;207;1750;332;1;0.71
00032.png;1491;216;1749;306;1;0.69
00032.png;1491;216;1750;306;1;0.69
00032.png;1491;216;1750;306;1;0.69
00032.png;1317;193;1482;273;1;0.77
00032.png;1317;193;1482;274;1;0.76
00032.png;1317;193;1482;274;1;0.76
00032.png;1317;193;1483;274;1;0.76
00032.png;1316;193;1483;274;1;0.75
00032.png;1316;192;1483;274;1;0.74
00032.png;1315;192;1483;274;1;0.74
00032.png;1488;211;1753;310;1;0.64
00032.png;1487;211;1753;310;1;0.64
00032.png;1279;266;1745;597;1;0.74
00032.png;1622;410;1711;494;1;0.59
00032.png;1621;410;1712;495;1;0.60
00032.png;1621;410;1712;495;1;0.60
00032.png;1621;410;1712;495;1;0.60
00032.png;1620;410;1712;495;1;0.61
00032.png;1620;410;1712;495;1;0.61
00032.png;1620;410;1712;495;1;0.61
00032.png;1620;409;1712;496;1;0.61
00032.png;1620;409;1712;496;1;0.61
00033.png;632;114;822;338;1;0.93
00033.png;632;114;822;338;1;0.93
00033.png;632;114;822;338;1;0.93
00033.png;632;114;822;338;1;0.93
00033.png;632;114;822;338;1;0.93
00033.png;632;114;822;338;1;0.93
00033.png;632;114;822;338;1;0.93
00033.png;632;114;822;338;1;0.93
00033.png;632;114;822;338;1;0.93
00033.png;631;114;823;338;1;0.92
00033.png;631;113;823;338;1;0.92
00033.png;631;113;823;339;1;0.92
00033.png;631;113;823;339;1;0.92
00033.png;631;113;823;339;1;0.92
00033.png;629;110;826;342;1;0.87
00033.png;628;110;826;342;1;0.86
00034.png;1396;349;1819;545;1;0.75
00034.png;1611;270;1824;371;1;0.70
00034.png;1409;248;1596;348;1;0.68
00034.png;1390;342;1825;549;1;0.72
00035.png;1381;405;1667;581;1;0.86
00035.png;1538;369;1674;434;1;0.71
00035.png;1400;346;1530;408;1;0.76
00036.png;514;112;744;347;1;0.90
00037.png;1274;378;1521;545;1;0.94
00037.png;1274;378;1521;545;1;0.94
00038.png;1330;289;1509;382;1;0.75
00038.png;1330;289;1509;382;1;0.75
00038.png;1330;289;1509;382;1;0.75
00038.png;1320;386;1741;570;1;0.77
00038.png;1319;386;1741;570;1;0.77
00038.png;1319;386;1741;570;1;0.77
00038.png;1527;312;1740;408;1;0.61
00038.png;1314;379;1747;575;1;0.73
00038.png;1314;379;1747;575;1;0.73
00038.png;1314;379;1748;576;1;0.72
00039.png;780;73;1007;195;1;0.82
00039.png;780;73;1007;196;1;0.82
00039.png;780;72;1007;196;1;0.81
00039.png;780;72;1007;196;1;0.81
00039.png;780;72;1007;196;1;0.81
00039.png;780;72;1007;196;1;0.81
00039.png;779;71;1007;196;1;0.81
00039.png;779;71;1008;196;1;0.80
00039.png;770;178;994;287;1;0.74
00039.png;769;177;995;288;1;0.73
00039.png;768;177;995;288;1;0.73
00039.png;768;177;995;288;1;0.73
00039.png;768;177;995;288;1;0.73
00039.png;768;177;995;288;1;0.73
00039.png;768;176;995;288;1;0.73
00039.png;768;176;995;288;1;0.73
00039.png;767;176;995;288;1;0.73
00039.png;767;176;995;289;1;0.72
00039.png;767;175;996;290;1;0.72
00039.png;767;175;996;290;1;0.72
00040.png;1342;226;1653;371;1;0.85
00040.png;1342;226;1653;372;1;0.84
00040.png;1341;226;1653;372;1;0.84
00040.png;1341;226;1654;372;1;0.85
00040.png;1341;226;1654;372;1;0.85
00040.png;1341;225;1654;372;1;0.84
00040.png;1341;225;1654;372;1;0.84
00040.png;1341;225;1654;372;1;0.84
00040.png;1340;225;1654;373;1;0.84
00040.png;1340;225;1654;373;1;0.84
00040.png;1338;378;1650;536;1;0.86
00040.png;1338;378;1650;536;1;0.86
00040.png;1338;378;1651;536;1;0.86
00040.png;1338;378;1651;536;1;0.86
00040.png;1338;378;1651;536;1;0.86
00040.png;1338;378;1651;536;1;0.86
00040.png;1338;378;1651;537;1;0.85
00040.png;1338;378;1651;537;1;0.85
00040.png;1338;378;1651;537;1;0.85
00040.png;1338;378;1651;537;1;0.85
00040.png;1338;377;1651;537;1;0.85
00040.png;1337;377;1651;537;1;0.85
00040.png;1337;377;1651;537;1;0.85
00040.png;1337;377;1652;537;1;0.85
00040.png;1337;377;1652;537;1;0.85
00040.png;1337;377;1652;537;1;0.85
00040.png;1335;219;1660;378;1;0.78
00040.png;1335;219;1660;378;1;0.78
00040.png;1334;219;1660;378;1;0.78
00040.png;1334;219;1660;378;1;0.78
00040.png;1334;219;1660;378;1;0.78
00040.png;1334;219;1660;378;1;0.78
00040.png;1334;219;1660;378;1;0.78
00040.png;1332;372;1657;542;1;0.81
00040.png;1331;372;1657;542;1;0.80
00040.png;1331;372;1657;542;1;0.80
00040.png;1331;371;1657;542;1;0.80
00040.png;1331;371;1657;543;1;0.80
00040.png;1331;371;1657;543;1;0.80
00040.png;1331;371;1657;543;1;0.80
00040.png;1331;371;1657;543;1;0.80
00041.png;656;69;922;311;1;0.93
00041.png;655;69;922;311;1;0.93
00041.png;655;69;922;311;1;0.93
00041.png;655;69;922;311;1;0.93
00041.png;655;68;922;311;1;0.93
00041.png;655;68;923;311;1;0.93
00041.png;655;68;923;311;1;0.93
00041.png;655;68;923;311;1;0.93
00041.png;655;68;923;311;1;0.93
00041.png;655;68;923;312;1;0.92
00041.png;655;67;923;312;1;0.91
00041.png;654;67;923;312;1;0.91
00041.png;654;67;923;312;1;0.91
00041.png;651;63;927;316;1;0.87
00041.png;651;63;927;316;1;0.87
00041.png;651;63;927;316;1;0.87
00042.png;1120;281;1468;537;1;0.80
00042.png;1120;281;1468;537;1;0.80
00042.png;1120;281;1468;537;1;0.80
00042.png;1120;281;1468;537;1;0.80
00042.png;1119;281;1468;537;1;0.80
00042.png;1119;281;1469;537;1;0.80
00042.png;1139;218;1476;340;1;0.71
00042.png;1138;218;1477;346;1;0.72
00042.png;1138;218;1477;347;1;0.72
00042.png;1133;207;1477;349;1;0.66
00042.png;1128;207;1479;384;1;0.70
00042.png;1297;237;1476;315;1;0.73
00042.png;1296;237;1476;315;1;0.73
00042.png;1296;237;1476;315;1;0.73
00042.png;1296;237;1477;315;1;0.72
00042.png;1296;237;1477;315;1;0.72
00042.png;1127;207;1479;385;1;0.70
00042.png;1149;213;1286;285;1;0.83
00042.png;1149;213;1286;285;1;0.83
00042.png;1149;212;1286;285;1;0.82
00042.png;1149;212;1287;285;1;0.82
00042.png;1148;212;1287;285;1;0.81
00042.png;1148;212;1287;285;1;0.81
00042.png;1148;212;1287;285;1;0.81
00042.png;1148;212;1287;285;1;0.81
00042.png;1148;212;1287;285;1;0.81
00042.png;1148;212;1287;286;1;0.81
00042.png;1373;393;1448;454;1;0.65
00043.png;710;74;948;307;1;0.95
00043.png;710;74;948;307;1;0.95
00043.png;709;74;949;307;1;0.94
00043.png;709;74;949;307;1;0.94
00043.png;709;74;949;308;1;0.94
00043.png;709;74;949;308;1;0.94
00043.png;709;74;949;308;1;0.94
00043.png;709;73;949;308;1;0.93
00043.png;709;73;949;308;1;0.93
00043.png;709;73;949;308;1;0.93
00043.png;709;73;949;308;1;0.93
00043.png;708;73;949;308;1;0.93
00043.png;707;70;953;311;1;0.88
00043.png;707;70;953;311;1;0.88
00043.png;706;70;953;311;1;0.88
00043.png;706;70;953;311;1;0.88
00044.png;1283;157;1461;226;1;0.87
00044.png;1282;156;1461;226;1;0.86
00044.png;1282;156;1461;227;1;0.85
00044.png;1282;156;1462;227;1;0.84
00044.png;1282;156;1462;227;1;0.84
00044.png;1276;149;1467;232;1;0.73
00044.png;1473;160;1803;249;1;0.73
00044.png;1269;232;1802;514;1;0.84
00044.png;1520;509;1658;626;1;0.45
00044.png;1504;174;1578;226;1;0.59
00044.png;1691;329;1777;416;1;0.66
00044.png;1691;329;1777;416;1;0.66
00044.png;1691;329;1778;416;1;0.66
00044.png;1691;328;1778;416;1;0.67
00044.png;1691;328;1778;416;1;0.67
00044.png;1691;328;1778;416;1;0.67
00044.png;1691;328;1778;416;1;0.67
00044.png;1691;328;1778;416;1;0.67
00044.png;1690;328;1778;416;1;0.67
00045.png;630;59;882;340;1;0.83
00045.png;630;59;882;340;1;0.83
00045.png;630;59;882;340;1;0.83
00045.png;630;59;882;340;1;0.83
00045.png;629;59;883;340;1;0.82
00046.png;1331;238;1662;334;1;0.84
00046.png;1339;244;1482;305;1;0.98
00046.png;1338;243;1483;306;1;0.97
00046.png;1338;243;1483;306;1;0.97
00046.png;1338;243;1483;306;1;0.97
00046.png;1338;243;1483;306;1;0.97
00046.png;1337;243;1483;306;1;0.97
00046.png;1337;242;1483;306;1;0.96
00046.png;1337;242;1483;306;1;0.96
00046.png;1337;242;1484;306;1;0.96
00046.png;1336;319;1653;499;1;0.88
00046.png;1336;319;1653;499;1;0.88
00046.png;1336;318;1654;499;1;0.87
00046.png;1336;318;1654;499;1;0.87
00046.png;1336;318;1654;499;1;0.87
00046.png;1336;318;1654;499;1;0.87
00046.png;1336;318;1655;500;1;0.87
00046.png;1336;318;1655;500;1;0.87
00046.png;1335;318;1655;500;1;0.87
00046.png;1335;318;1655;500;1;0.87
00046.png;1337;242;1484;306;1;0.96
00046.png;1499;247;1655;308;1;0.90
00046.png;1499;247;1655;308;1;0.90
00046.png;1499;247;1655;308;1;0.90
00046.png;1499;247;1655;308;1;0.90
00046.png;1498;247;1655;309;1;0.89
00046.png;1498;246;1656;309;1;0.89
00046.png;1497;246;1656;309;1;0.88
00046.png;1497;245;1657;309;1;0.87
00046.png;1497;245;1657;310;1;0.86
00046.png;1331;314;1659;504;1;0.83
00046.png;1331;313;1659;504;1;0.84
00046.png;1331;313;1659;504;1;0.84
00046.png;1331;313;1659;504;1;0.84
00046.png;1331;313;1660;504;1;0.84
00046.png;1330;313;1660;504;1;0.83
00046.png;1330;313;1660;504;1;0.83
00047.png;1388;345;1664;509;1;0.77
00047.png;1388;345;1664;509;1;0.77
00047.png;1388;345;1664;509;1;0.77
00047.png;1388;345;1664;509;1;0.77
00047.png;1388;344;1664;509;1;0.77
00047.png;1388;344;1664;509;1;0.77
00047.png;1388;344;1664;509;1;0.77
00047.png;1388;344;1664;509;1;0.77
00047.png;1387;344;1664;509;1;0.77
00047.png;1387;344;1664;510;1;0.77
00047.png;1387;344;1664;510;1;0.77
00047.png;1387;344;1664;510;1;0.77
00047.png;1387;344;1664;510;1;0.77
00047.png;1383;340;1669;514;1;0.71
00047.png;1383;339;1669;515;1;0.70
00047.png;1383;339;1669;515;1;0.70
00047.png;1383;339;1669;515;1;0.70
00047.png;1383;339;1669;515;1;0.70
00047.png;1383;339;1669;515;1;0.70
00047.png;1383;339;1669;515;1;0.70
00047.png;1383;339;1669;515;1;0.70
00047.png;1383;339;1669;515;1;0.70
00048.png;1018;453;1228;575;1;0.92
00048.png;1018;453;1228;575;1;0.92
00048.png;1018;453;1228;575;1;0.92
00048.png;1018;453;1228;575;1;0.92
00048.png;1018;453;1228;575;1;0.92
00048.png;1018;453;1229;575;1;0.91
00048.png;1027;414;1104;451;1;0.94
00048.png;1027;414;1104;451;1;0.94
00048.png;1027;414;1104;451;1;0.94
00048.png;1027;414;1104;451;1;0.94
00048.png;1027;414;1104;451;1;0.94
00048.png;1027;414;1105;451;1;0.94
00048.png;1027;414;1105;451;1;0.94
00048.png;1027;413;1105;451;1;0.92
00048.png;1111;422;1230;461;1;0.88
00048.png;1111;422;1230;461;1;0.88
00048.png;1111;422;1230;461;1;0.88
00048.png;1111;422;1230;461;1;0.88
00048.png;1111;422;1230;462;1;0.88
00048.png;1111;422;1230;462;1;0.88
00048.png;1111;421;1230;462;1;0.87
00048.png;1110;421;1230;462;1;0.86
00048.png;1110;421;1231;462;1;0.86
00048.png;1110;421;1231;462;1;0.86
00048.png;1110;421;1231;462;1;0.86
00048.png;1110;421;1231;462;1;0.86
00048.png;1027;413;1105;451;1;0.92
00049.png;477;65;845;360;1;0.77
00049.png;477;65;845;360;1;0.77
00049.png;477;65;845;360;1;0.77
00049.png;477;65;845;360;1;0.77
00049.png;477;65;845;360;1;0.77
00049.png;477;65;845;360;1;0.77
00049.png;477;65;845;360;1;0.77
00049.png;477;65;845;360;1;0.77
00049.png;477;65;845;360;1;0.77
00049.png;477;65;845;360;1;0.77
00049.png;476;65;845;361;1;0.76
00049.png;476;65;846;361;1;0.76
00049.png;471;59;851;365;1;0.71
00050.png;965;491;1241;702;1;0.87
00050.png;965;491;1241;703;1;0.86
00050.png;965;491;1242;703;1;0.86
00050.png;965;491;1242;703;1;0.86
00050.png;965;491;1242;703;1;0.86
00050.png;965;491;1242;703;1;0.86
00050.png;964;491;1242;703;1;0.86
00050.png;964;491;1242;703;1;0.86
00050.png;964;491;1242;703;1;0.86
00050.png;964;491;1242;703;1;0.86
00050.png;964;491;1242;703;1;0.86
00050.png;964;491;1242;703;1;0.86
00050.png;964;491;1242;703;1;0.86
00050.png;964;491;1242;703;1;0.86
00050.png;964;491;1242;703;1;0.86
00050.png;964;491;1242;703;1;0.86
00050.png;964;490;1242;703;1;0.86
00050.png;1108;455;1245;510;1;0.81
00050.png;1108;455;1245;511;1;0.81
00050.png;1108;455;1246;511;1;0.81
00050.png;1108;455;1246;511;1;0.81
00050.png;1107;455;1246;511;1;0.81
00050.png;1107;455;1246;511;1;0.81
00050.png;1107;455;1246;511;1;0.81
00050.png;1107;454;1246;511;1;0.80
00050.png;1107;454;1246;511;1;0.80
00050.png;1107;454;1246;511;1;0.80
00050.png;1107;454;1246;511;1;0.80
00050.png;1107;454;1246;511;1;0.80
00050.png;1107;454;1246;511;1;0.80
00050.png;1107;454;1246;511;1;0.80
00050.png;1107;454;1246;511;1;0.80
00050.png;1107;454;1246;511;1;0.80
00050.png;1107;454;1246;511;1;0.80
00050.png;1107;454;1246;511;1;0.80
00050.png;1107;454;1246;511;1;0.80
00050.png;1107;454;1246;511;1;0.80
00050.png;1107;454;1246;512;1;0.80
00050.png;1107;454;1246;512;1;0.80
00050.png;1107;454;1247;512;1;0.80
00050.png;1106;454;1247;512;1;0.80
00050.png;1106;454;1247;512;1;0.80
00050.png;985;439;1098;492;1;0.89
00050.png;985;439;1099;492;1;0.89
00050.png;985;439;1099;492;1;0.89
00050.png;985;438;1099;492;1;0.87
00050.png;985;438;1099;492;1;0.87
00050.png;985;438;1099;492;1;0.87
00050.png;985;438;1099;493;1;0.87
00050.png;985;438;1099;493;1;0.87
00050.png;985;438;1099;493;1;0.87
00050.png;985;438;1099;493;1;0.87
00050.png;985;438;1099;493;1;0.87
00050.png;985;438;1099;493;1;0.87
00050.png;984;437;1100;493;1;0.85
00050.png;984;437;1100;493;1;0.85
00050.png;984;437;1100;493;1;0.85
00050.png;984;437;1100;493;1;0.85
00050.png;961;488;1244;707;1;0.84
00050.png;961;488;1244;707;1;0.84
00050.png;961;488;1245;707;1;0.84
00051.png;1189;569;1399;706;1;0.94
00051.png;1188;569;1399;706;1;0.94
00051.png;1188;569;1400;706;1;0.94
00051.png;1188;569;1400;706;1;0.94
00051.png;1188;569;1400;706;1;0.94
00051.png;1188;569;1400;707;1;0.94
00051.png;1188;569;1401;707;1;0.94
00051.png;1188;569;1401;707;1;0.94
00051.png;1188;569;1401;707;1;0.94
00051.png;1188;569;1401;707;1;0.94
00051.png;1188;569;1401;707;1;0.94
00051.png;1187;569;1401;707;1;0.93
00052.png;650;136;1080;357;1;0.85
00052.png;650;136;1080;357;1;0.85
00052.png;650;136;1080;357;1;0.85
00052.png;649;136;1080;357;1;0.84
00052.png;649;136;1080;357;1;0.84
00052.png;649;136;1080;357;1;0.84
00052.png;649;136;1081;357;1;0.84
00052.png;649;136;1081;357;1;0.84
00052.png;649;136;1081;357;1;0.84
00052.png;649;136;1081;358;1;0.84
00052.png;649;136;1081;358;1;0.84
00052.png;648;136;1081;358;1;0.84
00052.png;648;136;1081;358;1;0.84
00052.png;648;136;1081;358;1;0.84
00052.png;648;136;1081;358;1;0.84
00052.png;648;136;1081;358;1;0.84
00052.png;648;136;1081;358;1;0.84
00052.png;648;136;1081;358;1;0.84
00052.png;656;45;844;116;1;0.88
00052.png;656;45;844;116;1;0.88
00052.png;656;44;845;117;1;0.87
00052.png;656;44;845;117;1;0.87
00052.png;656;44;845;117;1;0.87
00052.png;656;44;845;117;1;0.87
00052.png;656;44;845;117;1;0.87
00052.png;655;44;845;117;1;0.87
00052.png;655;43;845;117;1;0.86
00052.png;655;43;845;117;1;0.86
00052.png;655;43;845;117;1;0.86
00052.png;655;43;845;117;1;0.86
00052.png;655;43;845;117;1;0.86
00052.png;655;43;845;118;1;0.85
00052.png;655;43;846;118;1;0.85
00052.png;655;43;846;118;1;0.85
00052.png;655;43;846;118;1;0.85
00052.png;655;42;846;118;1;0.84
00052.png;655;42;846;118;1;0.84
00052.png;655;42;846;118;1;0.84
00052.png;654;42;846;118;1;0.84
00052.png;654;42;846;118;1;0.84
00052.png;654;42;846;118;1;0.84
00052.png;654;42;846;118;1;0.84
00052.png;868;50;1081;124;1;0.82
00052.png;867;50;1081;124;1;0.82
00052.png;867;50;1081;124;1;0.82
00052.png;867;50;1082;125;1;0.81
00052.png;867;50;1082;125;1;0.81
00052.png;867;50;1082;125;1;0.81
00052.png;867;49;1082;125;1;0.80
00052.png;867;49;1082;125;1;0.80
00052.png;867;49;1082;125;1;0.80
00052.png;867;49;1082;125;1;0.80
00052.png;867;49;1082;125;1;0.80
00052.png;867;49;1082;125;1;0.80
00052.png;867;49;1082;125;1;0.80
00052.png;867;49;1082;125;1;0.80
00052.png;867;49;1082;125;1;0.80
00052.png;867;49;1082;125;1;0.80
00052.png;867;48;1082;125;1;0.80
00052.png;866;48;1082;126;1;0.79
00052.png;866;48;1083;126;1;0.79
00052.png;866;48;1083;126;1;0.79
00052.png;866;48;1083;126;1;0.79
00052.png;865;48;1083;126;1;0.79
00052.png;649;36;852;124;1;0.75
00052.png;649;36;852;124;1;0.75
00052.png;648;36;852;124;1;0.74
00052.png;648;36;852;124;1;0.74
00052.png;648;36;852;124;1;0.74
00052.png;648;36;852;125;1;0.75
00052.png;648;36;852;125;1;0.75
00052.png;648;36;852;125;1;0.75
00052.png;648;36;852;125;1;0.75
00052.png;648;36;852;125;1;0.75
00052.png;648;36;852;125;1;0.75
00052.png;648;35;852;125;1;0.74
00052.png;647;35;853;125;1;0.75
00052.png;647;35;853;125;1;0.75
00052.png;647;35;853;125;1;0.75
00052.png;647;35;853;125;1;0.75
00052.png;643;130;1088;340;1;0.82
00052.png;642;128;1088;365;1;0.80
00052.png;642;128;1088;365;1;0.80
00052.png;642;128;1088;365;1;0.80
00052.png;642;128;1088;365;1;0.80
00052.png;642;128;1088;365;1;0.80
00052.png;642;128;1088;365;1;0.80
00052.png;642;128;1088;365;1;0.80
00052.png;642;128;1089;365;1;0.80
00052.png;642;128;1089;365;1;0.80
00052.png;642;128;1089;366;1;0.80
00052.png;641;128;1089;366;1;0.80
00052.png;860;43;1089;131;1;0.73
00052.png;860;43;1089;132;1;0.73
00052.png;860;43;1089;132;1;0.73
00052.png;860;43;1089;132;1;0.73
00052.png;860;43;1089;132;1;0.73
00052.png;860;42;1089;132;1;0.74
00052.png;859;42;1089;132;1;0.74
00052.png;859;42;1089;132;1;0.74
00052.png;859;42;1089;132;1;0.74
00052.png;859;42;1089;132;1;0.74
00052.png;859;42;1089;133;1;0.74
00052.png;859;42;1089;133;1;0.74
00052.png;859;42;1090;133;1;0.74
00052.png;859;42;1090;133;1;0.74
00052.png;858;42;1090;133;1;0.74
00052.png;858;42;1090;133;1;0.74
00053.png;1103;518;1401;688;1;0.93
00053.png;1107;455;1444;549;1;0.81
00053.png;1117;450;1250;514;1;0.96
00053.png;1116;450;1250;514;1;0.96
00053.png;1116;449;1250;514;1;0.95
00053.png;1116;449;1250;514;1;0.95
00053.png;1116;449;1250;514;1;0.95
00053.png;1116;449;1250;514;1;0.95
00053.png;1116;449;1250;514;1;0.95
00053.png;1116;449;1251;514;1;0.95
00053.png;1116;449;1251;514;1;0.95
00053.png;1116;449;1251;514;1;0.95
00053.png;1116;449;1251;514;1;0.95
00053.png;1116;448;1251;514;1;0.94
00053.png;1116;448;1251;515;1;0.94
00053.png;1115;448;1251;515;1;0.94
00053.png;1262;465;1404;529;1;0.90
00053.png;1262;465;1404;529;1;0.90
00053.png;1262;465;1405;530;1;0.91
00053.png;1262;465;1405;530;1;0.91
00053.png;1262;464;1405;530;1;0.90
00053.png;1262;464;1405;530;1;0.90
00053.png;1262;464;1405;530;1;0.90
00053.png;1262;464;1405;530;1;0.90
00053.png;1261;463;1406;530;1;0.89
00053.png;1261;463;1406;530;1;0.89
00053.png;1261;463;1406;530;1;0.89
00053.png;1261;463;1406;530;1;0.89
00053.png;1261;463;1406;530;1;0.89
00053.png;1099;513;1406;688;1;0.91
00053.png;1099;513;1406;688;1;0.91
00053.png;1099;513;1406;689;1;0.91
00053.png;1099;513;1406;692;1;0.89
00053.png;1099;513;1406;693;1;0.89
00053.png;1098;513;1407;694;1;0.88
00054.png;1103;544;1188;579;1;0.98
00054.png;1103;544;1188;579;1;0.98
00054.png;1103;544;1188;580;1;0.98
00054.png;1103;544;1189;580;1;0.98
00054.png;1103;544;1189;580;1;0.98
00054.png;1103;544;1189;580;1;0.98
00054.png;1103;544;1189;580;1;0.98
00054.png;1103;544;1189;580;1;0.98
00054.png;1102;543;1189;580;1;0.96
00054.png;1102;543;1189;580;1;0.96
00054.png;1198;540;1309;576;1;0.96
00054.png;1198;540;1309;576;1;0.96
00054.png;1198;540;1309;577;1;0.96
00054.png;1198;540;1309;577;1;0.96
00054.png;1198;540;1309;577;1;0.96
00054.png;1198;540;1309;577;1;0.96
00054.png;1198;540;1309;577;1;0.96
00054.png;1197;540;1309;577;1;0.96
00054.png;1197;540;1309;577;1;0.96
00054.png;1197;540;1309;577;1;0.96
00054.png;1197;540;1309;577;1;0.96
00054.png;1197;540;1310;577;1;0.96
00054.png;1197;540;1310;577;1;0.96
00054.png;1197;540;1310;577;1;0.96
00054.png;1102;543;1189;580;1;0.96
00054.png;1197;540;1310;577;1;0.96
00054.png;1105;583;1314;675;1;0.89
00054.png;1105;583;1314;675;1;0.89
00054.png;1105;583;1315;675;1;0.89
00054.png;1105;583;1315;675;1;0.89
00054.png;1105;583;1315;675;1;0.89
00054.png;1105;583;1315;675;1;0.89
00054.png;1105;583;1315;676;1;0.89
00054.png;1105;583;1315;676;1;0.89
00054.png;1105;583;1315;676;1;0.89
00054.png;1105;583;1316;676;1;0.89
00054.png;1104;582;1316;676;1;0.89
00054.png;1104;582;1316;676;1;0.89
00055.png;1451;469;1632;604;1;0.93
00055.png;1451;468;1632;605;1;0.92
00055.png;1443;593;1628;696;1;0.89
00055.png;1443;593;1628;696;1;0.89
00055.png;1443;593;1628;697;1;0.89
00055.png;1443;592;1628;697;1;0.89
00055.png;1450;468;1633;605;1;0.92
00056.png;1463;500;1648;584;1;1.00
00056.png;1463;500;1648;585;1;1.00
00056.png;1463;500;1648;585;1;1.00
00056.png;1282;577;1647;723;1;0.94
00056.png;1282;577;1647;723;1;0.94
00056.png;1282;577;1647;723;1;0.94
00056.png;1462;500;1649;585;1;1.00
00056.png;1282;577;1647;724;1;0.94
00056.png;1289;485;1446;568;1;0.99
00056.png;1289;485;1446;568;1;0.99
00056.png;1289;485;1446;568;1;0.99
00056.png;1288;485;1447;568;1;0.99
00056.png;1288;485;1447;569;1;0.99
00056.png;1288;485;1447;569;1;0.99
00056.png;1275;571;1652;729;1;0.93
00056.png;1283;479;1451;573;1;0.97
00056.png;1283;479;1451;574;1;0.97
00056.png;1282;479;1451;574;1;0.97
00056.png;1282;479;1451;574;1;0.97
00056.png;1282;479;1452;574;1;0.97
00056.png;1282;478;1452;574;1;0.97
00056.png;1282;478;1452;574;1;0.97
00056.png;1282;478;1452;574;1;0.97
00056.png;1457;494;1654;590;1;0.99
00056.png;1457;493;1654;590;1;0.99
00057.png;751;354;999;489;1;0.89
00057.png;751;354;999;489;1;0.89
00057.png;751;354;999;489;1;0.89
00057.png;751;354;999;489;1;0.89
00057.png;751;354;1000;489;1;0.89
00057.png;750;354;1000;489;1;0.89
00057.png;750;354;1000;489;1;0.89
00057.png;750;353;1000;489;1;0.89
00057.png;750;353;1000;490;1;0.89
00057.png;750;353;1000;490;1;0.89
00057.png;750;353;1000;490;1;0.89
00057.png;762;300;869;350;1;0.95
00057.png;762;300;869;350;1;0.95
00057.png;762;299;869;350;1;0.94
00057.png;761;299;870;350;1;0.94
00057.png;761;298;870;350;1;0.92
00057.png;761;298;870;351;1;0.92
00057.png;761;298;870;351;1;0.92
00057.png;761;298;870;351;1;0.92
00057.png;760;298;870;351;1;0.92
00057.png;760;298;870;351;1;0.92
00057.png;881;313;1004;365;1;0.92
00057.png;881;313;1004;365;1;0.92
00057.png;880;313;1004;365;1;0.92
00057.png;880;313;1004;365;1;0.92
00057.png;880;313;1004;365;1;0.92
00057.png;880;313;1004;365;1;0.92
00057.png;880;313;1005;365;1;0.92
00057.png;879;312;1005;366;1;0.91
00057.png;879;312;1005;366;1;0.91
00057.png;879;312;1005;366;1;0.91
00057.png;879;312;1005;366;1;0.91
00057.png;747;350;1003;493;1;0.86
00058.png;557;209;840;434;1;0.96
00058.png;557;209;840;434;1;0.96
00058.png;556;209;841;435;1;0.96
00058.png;556;208;841;435;1;0.96
00058.png;556;208;841;435;1;0.96
00058.png;555;208;841;435;1;0.96
00058.png;555;208;841;435;1;0.96
00058.png;552;204;845;439;1;0.91
00059.png;1126;460;1465;696;1;0.91
00059.png;1126;460;1465;696;1;0.91
00059.png;1296;407;1468;482;1;0.92
00059.png;1295;407;1469;482;1;0.92
00059.png;1145;387;1284;458;1;0.95
00059.png;1145;387;1284;458;1;0.95
00059.png;1145;387;1284;459;1;0.95
00059.png;1145;387;1284;459;1;0.95
00059.png;1145;386;1285;459;1;0.93
00059.png;1121;455;1468;700;1;0.88
00059.png;1214;485;1342;534;1;0.51
00060.png;753;227;1105;428;1;0.85
00060.png;753;226;1106;428;1;0.85
00060.png;773;164;899;225;1;0.92
00060.png;772;164;899;225;1;0.92
00060.png;772;164;899;225;1;0.92
00060.png;772;163;899;226;1;0.91
00060.png;772;163;899;226;1;0.91
00060.png;772;163;899;226;1;0.91
00060.png;910;183;1110;254;1;0.86
00060.png;910;183;1110;254;1;0.86
00060.png;910;183;1111;254;1;0.85
00060.png;910;182;1111;255;1;0.84
00060.png;844;249;972;297;1;0.49
00061.png;443;156;784;409;1;0.97
00061.png;442;156;785;409;1;0.97
00061.png;442;156;785;409;1;0.97
00061.png;442;156;785;409;1;0.97
00061.png;442;156;785;409;1;0.97
00061.png;442;156;785;409;1;0.97
00061.png;601;194;695;228;1;0.97
00061.png;601;194;695;228;1;0.97
00061.png;601;194;695;228;1;0.97
00061.png;600;194;695;229;1;0.97
00061.png;600;194;695;229;1;0.97
00061.png;600;194;696;229;1;0.97
00061.png;600;194;696;229;1;0.97
00061.png;442;156;785;409;1;0.97
00061.png;442;156;785;409;1;0.97
00061.png;441;155;786;410;1;0.96
00061.png;441;155;786;410;1;0.96
00061.png;437;150;790;414;1;0.90
00061.png;437;150;790;414;1;0.90
00061.png;437;150;790;414;1;0.90
00061.png;437;150;790;414;1;0.90
00061.png;437;150;790;414;1;0.90
00061.png;437;150;790;414;1;0.90
00062.png;584;162;789;401;1;0.99
00062.png;584;161;789;401;1;0.99
00062.png;584;161;789;401;1;0.99
00062.png;584;161;789;401;1;0.99
00062.png;584;161;789;401;1;0.99
00062.png;584;161;789;401;1;0.99
00062.png;584;161;789;401;1;0.99
00062.png;584;161;789;401;1;0.99
00062.png;584;161;789;401;1;0.99
00062.png;584;161;789;401;1;0.99
00062.png;584;161;789;402;1;0.99
00062.png;584;161;789;402;1;0.99
00062.png;584;161;790;402;1;0.99
00062.png;583;161;790;402;1;0.99
00062.png;837;167;1002;224;1;0.94
00062.png;837;167;1002;224;1;0.94
00062.png;837;167;1002;224;1;0.94
00062.png;836;167;1003;224;1;0.93
00062.png;836;167;1003;224;1;0.93
00062.png;836;167;1003;224;1;0.93
00062.png;836;166;1003;224;1;0.93
00062.png;836;166;1003;225;1;0.92
00062.png;836;166;1003;225;1;0.92
00062.png;836;166;1003;225;1;0.92
00062.png;836;166;1004;225;1;0.92
00062.png;836;166;1004;225;1;0.92
00062.png;837;238;1004;403;1;0.99
00062.png;837;238;1004;403;1;0.99
00062.png;837;238;1004;403;1;0.99
00062.png;837;237;1004;403;1;0.99
00062.png;837;237;1004;403;1;0.99
00062.png;836;237;1005;404;1;0.99
00062.png;866;262;974;292;1;1.00
00062.png;866;262;974;292;1;1.00
00062.png;866;262;974;292;1;1.00
00062.png;866;262;974;292;1;1.00
00062.png;866;262;975;293;1;1.00
00062.png;836;237;1005;404;1;0.99
00062.png;836;237;1005;404;1;0.99
00062.png;836;237;1005;404;1;0.99
00062.png;836;237;1005;404;1;0.99
00062.png;836;237;1005;404;1;0.99
00062.png;836;237;1005;404;1;0.99
00062.png;836;237;1005;404;1;0.99
00062.png;836;236;1005;405;1;0.99
00062.png;836;236;1005;405;1;0.99
00062.png;836;236;1005;405;1;0.99
00062.png;579;156;794;406;1;0.91
00062.png;579;156;795;406;1;0.91
00062.png;578;155;795;407;1;0.90
00062.png;831;162;1008;230;1;0.83
00062.png;831;162;1008;230;1;0.83
00062.png;831;162;1008;230;1;0.83
00062.png;831;161;1008;230;1;0.82
00062.png;831;161;1009;230;1;0.82
00062.png;831;233;1010;409;1;0.93
00062.png;831;232;1010;409;1;0.93
00062.png;831;232;1010;409;1;0.93
00062.png;831;232;1010;409;1;0.93
00062.png;830;232;1010;409;1;0.93
00062.png;830;232;1010;409;1;0.93
00062.png;830;232;1010;409;1;0.93
00062.png;830;232;1010;410;1;0.94
00062.png;830;232;1011;410;1;0.94
00063.png;1031;196;1300;424;1;0.79
00063.png;1031;196;1300;424;1;0.79
00063.png;1031;196;1300;424;1;0.79
00063.png;1031;196;1301;424;1;0.79
00063.png;1031;196;1301;424;1;0.79
00063.png;1031;196;1301;424;1;0.79
00063.png;1031;196;1301;424;1;0.79
00063.png;1031;196;1301;424;1;0.79
00063.png;1031;196;1301;425;1;0.79
00063.png;1031;196;1301;425;1;0.79
00063.png;1031;196;1301;425;1;0.79
00063.png;1030;196;1301;425;1;0.78
00063.png;1030;196;1301;425;1;0.78
00063.png;1030;196;1301;425;1;0.78
00063.png;1030;195;1301;425;1;0.78
00063.png;1030;195;1301;425;1;0.78
00063.png;1030;195;1302;425;1;0.78
00063.png;802;118;1004;416;1;0.92
00063.png;802;118;1004;416;1;0.92
00063.png;802;118;1004;416;1;0.92
00063.png;802;118;1004;416;1;0.92
00063.png;802;117;1004;416;1;0.92
00063.png;801;117;1005;416;1;0.91
00063.png;801;117;1005;416;1;0.91
00063.png;801;117;1005;416;1;0.91
00063.png;801;117;1005;416;1;0.91
00063.png;801;117;1005;416;1;0.91
00063.png;801;117;1005;416;1;0.91
00063.png;801;117;1005;417;1;0.91
00063.png;801;117;1005;417;1;0.91
00063.png;801;117;1005;417;1;0.91
00063.png;800;116;1005;417;1;0.91
00063.png;856;204;955;239;1;0.80
00063.png;856;204;955;239;1;0.80
00063.png;856;204;955;239;1;0.80
00063.png;856;204;955;239;1;0.80
00063.png;856;204;955;239;1;0.80
00063.png;856;204;955;239;1;0.80
00063.png;856;204;955;239;1;0.80
00063.png;855;204;955;239;1;0.80
00063.png;855;203;956;240;1;0.81
00063.png;855;203;956;240;1;0.81
00063.png;855;203;956;240;1;0.81
00063.png;855;203;956;240;1;0.81
00063.png;1030;195;1302;425;1;0.78
00063.png;796;112;1010;422;1;0.84
00063.png;796;112;1010;422;1;0.84
00063.png;796;111;1010;422;1;0.84
00063.png;795;111;1010;422;1;0.84
00063.png;795;111;1011;422;1;0.83
00063.png;795;111;1011;422;1;0.83
00063.png;1025;190;1306;430;1;0.73
00063.png;1025;190;1306;430;1;0.73
00063.png;1025;190;1306;430;1;0.73
00063.png;1025;190;1306;430;1;0.73
00063.png;1025;190;1306;430;1;0.73
00063.png;1025;190;1306;430;1;0.73
00063.png;1025;190;1307;430;1;0.73
00063.png;1025;190;1307;430;1;0.73
00063.png;1025;190;1307;431;1;0.73
00063.png;1025;190;1307;431;1;0.73
00063.png;1025;190;1307;431;1;0.73
00063.png;1032;122;1307;193;1;0.69
00063.png;1032;122;1307;193;1;0.69
00063.png;1032;121;1307;193;1;0.68
00063.png;1032;121;1307;194;1;0.68
00063.png;1031;121;1307;194;1;0.67
00063.png;1031;121;1307;194;1;0.67
00063.png;1031;121;1307;194;1;0.67
00063.png;1031;121;1308;194;1;0.67
00063.png;1031;121;1308;194;1;0.67
00063.png;1031;121;1308;194;1;0.67
00063.png;1106;333;1228;367;1;0.64
00064.png;626;164;943;426;1;0.86
00064.png;626;164;943;426;1;0.86
00064.png;626;164;943;426;1;0.86
00064.png;626;164;943;427;1;0.86
00064.png;626;164;943;427;1;0.86
00064.png;626;164;943;427;1;0.86
00064.png;626;164;943;427;1;0.86
00064.png;626;163;943;427;1;0.85
00064.png;626;163;944;427;1;0.85
00064.png;625;163;944;427;1;0.85
00064.png;625;163;944;427;1;0.85
00064.png;625;163;944;427;1;0.85
00064.png;625;163;944;427;1;0.85
00064.png;625;163;944;427;1;0.85
00064.png;729;213;837;244;1;0.86
00064.png;729;213;837;244;1;0.86
00064.png;728;213;837;244;1;0.86
00064.png;728;213;837;244;1;0.86
00064.png;728;213;838;244;1;0.86
00064.png;728;213;838;244;1;0.86
00064.png;728;213;838;244;1;0.86
00064.png;728;213;838;244;1;0.86
00064.png;728;213;838;244;1;0.86
00064.png;728;213;838;244;1;0.86
00064.png;728;213;838;244;1;0.86
00064.png;728;213;838;244;1;0.86
00064.png;625;163;944;427;1;0.85
00064.png;625;163;944;427;1;0.85
00064.png;728;213;838;244;1;0.86
00064.png;625;163;944;427;1;0.85
00064.png;625;163;944;427;1;0.85
00064.png;625;163;944;428;1;0.85
00064.png;625;163;945;428;1;0.85
00064.png;621;159;949;432;1;0.81
00064.png;620;159;949;432;1;0.80
00064.png;620;158;949;432;1;0.80
00064.png;620;158;949;432;1;0.80
00064.png;620;158;949;432;1;0.80
00064.png;620;158;949;432;1;0.80
00064.png;620;158;949;432;1;0.80
00064.png;620;158;949;432;1;0.80
00064.png;620;158;949;432;1;0.80
00064.png;620;158;949;433;1;0.80
00064.png;620;158;949;433;1;0.80
00064.png;620;158;949;433;1;0.80
00064.png;620;158;949;433;1;0.80
00064.png;620;158;949;433;1;0.80
00064.png;620;158;950;433;1;0.80
00064.png;620;158;950;433;1;0.80
00064.png;620;158;950;433;1;0.80
00064.png;620;158;950;433;1;0.80
00065.png;517;182;853;425;1;0.87
00065.png;517;182;854;425;1;0.87
00065.png;517;182;854;425;1;0.87
00065.png;517;182;854;425;1;0.87
00065.png;516;181;854;425;1;0.86
00065.png;632;221;747;254;1;1.00
00065.png;632;221;747;254;1;1.00
00065.png;632;221;747;254;1;1.00
00065.png;631;221;747;254;1;1.00
00065.png;631;221;747;254;1;1.00
00065.png;631;220;747;254;1;1.00
00065.png;631;220;747;255;1;1.00
00065.png;631;220;747;255;1;1.00
00065.png;516;181;854;425;1;0.86
00065.png;631;220;748;255;1;1.00
00065.png;516;181;854;425;1;0.86
00065.png;516;181;854;425;1;0.86
00065.png;516;181;854;425;1;0.86
00065.png;515;181;855;426;1;0.86
00065.png;515;181;855;426;1;0.86
00065.png;924;282;1105;380;1;0.58
00065.png;924;282;1106;380;1;0.57
00065.png;924;282;1106;381;1;0.57
00065.png;923;281;1106;383;1;0.55
00065.png;923;281;1107;383;1;0.55
00065.png;923;281;1107;384;1;0.54
00065.png;923;281;1107;384;1;0.54
00065.png;923;281;1107;384;1;0.54
00065.png;512;177;859;430;1;0.83
00065.png;511;177;859;430;1;0.82
00065.png;511;177;859;430;1;0.82
00065.png;511;177;860;430;1;0.82
00066.png;791;73;1311;238;1;0.68
00066.png;791;70;1312;238;1;0.67
00066.png;791;70;1312;239;1;0.67
00066.png;809;62;1019;157;1;0.86
00066.png;809;62;1019;157;1;0.86
00066.png;809;62;1019;157;1;0.86
00066.png;809;62;1020;157;1;0.86
00066.png;809;62;1020;157;1;0.86
00066.png;809;62;1020;157;1;0.86
00066.png;809;61;1020;157;1;0.85
00066.png;809;61;1020;157;1;0.85
00066.png;809;61;1020;157;1;0.85
00066.png;808;61;1020;158;1;0.85
00066.png;807;61;1020;158;1;0.85
00066.png;807;61;1020;158;1;0.85
00066.png;807;61;1021;158;1;0.84
00066.png;784;150;1299;406;1;0.70
00066.png;784;150;1299;406;1;0.70
00066.png;784;149;1299;406;1;0.71
00066.png;783;149;1299;406;1;0.70
00066.png;783;149;1300;406;1;0.70
00066.png;783;149;1300;406;1;0.70
00066.png;783;149;1300;406;1;0.70
00066.png;783;149;1300;406;1;0.70
00066.png;783;149;1300;407;1;0.70
00066.png;783;149;1300;407;1;0.70
00066.png;783;149;1300;407;1;0.70
00066.png;782;149;1301;407;1;0.70
00066.png;1036;99;1306;203;1;0.73
00066.png;1036;99;1306;203;1;0.73
00066.png;1036;99;1306;203;1;0.73
00066.png;1036;99;1306;203;1;0.73
00066.png;1036;98;1306;203;1;0.73
00066.png;1036;98;1306;203;1;0.73
00066.png;1036;98;1307;203;1;0.72
00066.png;1036;98;1307;203;1;0.72
00066.png;1036;98;1307;203;1;0.72
00066.png;1036;98;1307;203;1;0.72
00066.png;1036;98;1307;203;1;0.72
00066.png;1036;98;1307;203;1;0.72
00066.png;1036;98;1307;203;1;0.72
00066.png;1036;98;1307;203;1;0.72
00066.png;1036;98;1307;203;1;0.72
00066.png;1035;97;1307;204;1;0.72
00066.png;802;56;1026;163;1;0.80
00066.png;801;55;1026;163;1;0.79
00066.png;801;55;1026;164;1;0.79
00066.png;801;55;1027;164;1;0.79
00066.png;801;55;1027;164;1;0.79
00066.png;801;55;1027;164;1;0.79
00066.png;1030;93;1311;209;1;0.70
00066.png;1030;92;1312;209;1;0.69
00066.png;1030;92;1312;209;1;0.69
00066.png;1030;92;1312;209;1;0.69
00066.png;1030;92;1313;209;1;0.69
00066.png;1030;92;1313;210;1;0.69
00066.png;1029;92;1313;210;1;0.69
00066.png;1029;92;1313;210;1;0.69
00066.png;1029;92;1313;210;1;0.69
00066.png;801;55;1027;164;1;0.79
00066.png;777;143;1306;412;1;0.68
00066.png;777;143;1306;413;1;0.68
00066.png;777;143;1306;413;1;0.68
00066.png;777;143;1306;413;1;0.68
00066.png;776;143;1306;413;1;0.68
00066.png;776;143;1306;413;1;0.68
00066.png;776;143;1306;413;1;0.68
00067.png;890;172;1315;329;1;0.62
00067.png;880;172;1315;425;1;0.66
00067.png;880;172;1315;425;1;0.66
00067.png;866;159;1315;433;1;0.64
00067.png;181;531;270;615;1;0.79
00067.png;181;531;270;615;1;0.79
00067.png;181;531;270;615;1;0.79
00067.png;181;531;270;615;1;0.79
00067.png;181;531;270;615;1;0.79
00067.png;181;531;270;615;1;0.79
00067.png;181;531;270;615;1;0.79
00067.png;181;531;270;615;1;0.79
00067.png;181;531;270;615;1;0.79
00067.png;181;531;271;615;1;0.78
00067.png;180;530;271;615;1;0.76
00067.png;180;530;271;615;1;0.76
00067.png;180;530;271;615;1;0.76
00067.png;180;530;271;616;1;0.75
00067.png;1333;607;1404;682;1;0.81
00067.png;1333;607;1404;682;1;0.81
00067.png;1332;606;1404;683;1;0.78
00067.png;1332;606;1404;683;1;0.78
00067.png;1332;606;1404;683;1;0.78
00067.png;1332;606;1405;683;1;0.78
00067.png;1332;606;1405;683;1;0.78
00067.png;1332;606;1405;683;1;0.78
00067.png;1332;606;1405;683;1;0.78
00067.png;1332;606;1405;683;1;0.78
00067.png;1332;606;1405;683;1;0.78
00067.png;1332;606;1405;683;1;0.78
00067.png;1332;605;1405;683;1;0.76
00067.png;1332;605;1406;683;1;0.76
00067.png;516;104;897;410;1;0.73
00067.png;516;104;897;410;1;0.73
00067.png;515;103;897;411;1;0.72
00067.png;515;103;897;411;1;0.72
00067.png;515;103;898;411;1;0.72
00067.png;515;103;898;411;1;0.72
00067.png;515;103;898;411;1;0.72
00067.png;515;103;898;411;1;0.72
00067.png;515;103;898;411;1;0.72
00067.png;514;103;898;411;1;0.72
00067.png;668;138;773;179;1;0.97
00067.png;668;138;773;179;1;0.97
00067.png;668;137;773;179;1;0.97
00067.png;668;137;773;179;1;0.97
00067.png;514;103;898;411;1;0.72
00067.png;514;103;898;411;1;0.72
00067.png;514;103;898;411;1;0.72
00067.png;514;103;898;411;1;0.72
00067.png;514;103;898;411;1;0.72
00067.png;514;103;898;411;1;0.72
00067.png;514;103;898;411;1;0.72
00067.png;514;103;898;411;1;0.72
00067.png;955;166;1091;231;1;0.79
00067.png;955;166;1091;231;1;0.79
00067.png;955;166;1091;231;1;0.79
00067.png;955;165;1091;231;1;0.78
00067.png;955;165;1091;231;1;0.78
00067.png;955;165;1091;231;1;0.78
00067.png;955;165;1091;231;1;0.78
00067.png;954;165;1092;232;1;0.77
00067.png;954;165;1092;232;1;0.77
00067.png;954;165;1092;232;1;0.77
00067.png;954;165;1092;232;1;0.77
00067.png;954;165;1092;232;1;0.77
00067.png;954;165;1092;232;1;0.77
00067.png;954;165;1092;232;1;0.77
00067.png;954;165;1092;232;1;0.77
00067.png;954;165;1092;232;1;0.77
00067.png;954;164;1092;232;1;0.76
00067.png;954;164;1092;232;1;0.76
00067.png;931;231;1305;463;1;0.74
00067.png;930;231;1306;464;1;0.73
00067.png;930;231;1306;464;1;0.73
00067.png;930;230;1306;464;1;0.73
00067.png;930;230;1306;464;1;0.73
00067.png;930;230;1306;464;1;0.73
00067.png;930;230;1306;464;1;0.73
00067.png;930;230;1306;464;1;0.73
00067.png;930;230;1306;464;1;0.73
00067.png;930;230;1306;464;1;0.73
00067.png;930;230;1306;464;1;0.73
00067.png;930;230;1306;464;1;0.73
00067.png;930;230;1306;465;1;0.73
00067.png;930;230;1306;465;1;0.73
00067.png;930;230;1307;465;1;0.73
00067.png;930;230;1307;465;1;0.73
00067.png;930;229;1307;465;1;0.72
00067.png;928;229;1307;465;1;0.72
00067.png;1104;189;1311;264;1;0.69
00067.png;1104;189;1312;265;1;0.68
00067.png;1104;189;1312;265;1;0.68
00067.png;1104;189;1312;265;1;0.68
00067.png;1104;189;1312;265;1;0.68
00067.png;1104;188;1312;265;1;0.68
00067.png;1104;188;1312;265;1;0.68
00067.png;1104;188;1312;265;1;0.68
00067.png;1104;188;1312;265;1;0.68
00067.png;1104;188;1313;265;1;0.67
00067.png;1104;188;1313;265;1;0.67
00067.png;1103;188;1313;265;1;0.67
00067.png;1103;188;1313;265;1;0.67
00067.png;1103;188;1313;265;1;0.67
00067.png;1103;188;1313;265;1;0.67
00067.png;1103;188;1313;266;1;0.67
00067.png;1103;188;1313;266;1;0.67
00067.png;1103;188;1313;266;1;0.67
00067.png;1103;187;1313;266;1;0.67
00067.png;1103;187;1313;266;1;0.67
00067.png;1103;187;1314;266;1;0.66
00067.png;1103;187;1314;266;1;0.66
00067.png;1103;187;1314;266;1;0.66
00067.png;1103;187;1314;266;1;0.66
00067.png;1103;187;1314;266;1;0.66
00067.png;1099;184;1317;270;1;0.64
00067.png;1099;183;1317;270;1;0.63
00067.png;1099;183;1317;270;1;0.63
00067.png;1099;183;1317;270;1;0.63
00067.png;1098;183;1317;270;1;0.63
00067.png;1098;183;1317;270;1;0.63
00067.png;1098;183;1317;270;1;0.63
00067.png;1098;183;1317;270;1;0.63
00067.png;510;98;903;415;1;0.68
00067.png;510;98;903;416;1;0.68
00067.png;510;98;903;416;1;0.68
00067.png;510;98;903;416;1;0.68
00067.png;510;98;903;416;1;0.68
00067.png;509;98;903;416;1;0.68
00067.png;509;98;903;416;1;0.68
00067.png;1098;183;1317;270;1;0.63
00067.png;925;225;1310;469;1;0.70
00067.png;925;225;1310;469;1;0.70
00067.png;925;225;1310;469;1;0.70
00067.png;925;225;1310;469;1;0.70
00067.png;925;225;1310;469;1;0.70
00067.png;925;225;1310;469;1;0.70
00067.png;925;225;1310;469;1;0.70
00067.png;925;225;1310;469;1;0.70
00067.png;925;225;1311;469;1;0.70
00067.png;925;225;1311;469;1;0.70
00067.png;665;134;776;182;1;0.97
00068.png;496;130;875;427;1;0.78
00068.png;492;137;866;418;1;0.83
00068.png;492;137;867;419;1;0.83
00068.png;491;137;867;419;1;0.82
00068.png;491;137;867;419;1;0.82
00068.png;491;137;867;419;1;0.82
00068.png;491;137;867;419;1;0.82
00068.png;491;137;867;419;1;0.82
00068.png;491;137;867;419;1;0.82
00068.png;491;136;867;419;1;0.82
00068.png;632;154;738;185;1;0.91
00068.png;632;154;738;185;1;0.91
00068.png;632;153;738;185;1;0.91
00068.png;632;153;738;185;1;0.91
00068.png;491;136;867;419;1;0.82
00068.png;491;136;867;419;1;0.82
00068.png;491;136;867;420;1;0.82
00068.png;491;136;868;420;1;0.82
00068.png;491;136;868;420;1;0.82
00068.png;491;136;868;420;1;0.82
00068.png;491;136;868;420;1;0.82
00068.png;491;136;868;420;1;0.82
00068.png;491;136;868;420;1;0.82
00068.png;491;136;868;420;1;0.82
00068.png;491;136;868;420;1;0.82
00068.png;490;136;868;420;1;0.81
00068.png;486;132;872;423;1;0.78
00068.png;486;132;872;424;1;0.77
00068.png;486;132;873;424;1;0.77
00068.png;486;132;873;424;1;0.77
00069.png;744;390;909;547;1;0.95
00069.png;744;390;909;547;1;0.95
00069.png;744;390;909;547;1;0.95
00069.png;744;390;909;547;1;0.95
00069.png;744;390;909;547;1;0.95
00069.png;744;390;909;547;1;0.95
00069.png;744;390;910;547;1;0.95
00069.png;742;390;910;547;1;0.94
00069.png;741;390;910;548;1;0.93
00069.png;932;438;1096;482;1;0.90
00069.png;932;438;1096;482;1;0.90
00069.png;932;438;1096;482;1;0.90
00069.png;932;438;1096;482;1;0.90
00069.png;932;438;1097;482;1;0.90
00069.png;932;438;1097;482;1;0.90
00069.png;932;438;1097;482;1;0.90
00069.png;932;438;1097;482;1;0.90
00069.png;932;438;1097;483;1;0.88
00069.png;932;438;1097;483;1;0.88
00069.png;931;438;1097;488;1;0.79
00069.png;931;438;1097;488;1;0.79
00069.png;931;438;1097;488;1;0.79
00070.png;592;137;896;426;1;0.94
00070.png;591;137;896;426;1;0.94
00070.png;591;137;897;426;1;0.94
00070.png;591;137;897;426;1;0.94
00070.png;591;136;897;426;1;0.94
00070.png;591;136;897;426;1;0.94
00070.png;590;136;897;427;1;0.94
00070.png;590;136;897;427;1;0.94
00070.png;590;136;897;427;1;0.94
00070.png;590;136;897;427;1;0.94
00070.png;590;136;897;427;1;0.94
00070.png;590;136;898;427;1;0.94
00070.png;590;136;898;427;1;0.94
00070.png;589;136;898;427;1;0.94
00070.png;589;136;898;427;1;0.94
00070.png;589;136;898;427;1;0.94
00070.png;1799;616;1894;680;1;0.63
00070.png;1799;616;1894;680;1;0.63
00070.png;1786;498;1885;628;1;0.78
00070.png;1786;496;1885;628;1;0.76
00070.png;1785;496;1885;628;1;0.76
00070.png;1785;496;1886;628;1;0.75
00070.png;1784;496;1886;629;1;0.74
00070.png;1784;496;1886;629;1;0.74
00070.png;1784;496;1886;630;1;0.74
00070.png;941;232;1245;309;1;0.92
00070.png;941;232;1245;310;1;0.91
00070.png;941;232;1245;310;1;0.91
00070.png;941;232;1246;310;1;0.91
00070.png;941;232;1246;310;1;0.91
00070.png;941;231;1246;310;1;0.90
00070.png;941;231;1246;310;1;0.90
00070.png;941;231;1246;310;1;0.90
00070.png;946;256;1035;285;1;0.94
00070.png;946;256;1035;285;1;0.94
00070.png;941;231;1246;310;1;0.90
00070.png;940;231;1246;310;1;0.90
00070.png;940;231;1247;310;1;0.90
00070.png;940;231;1247;310;1;0.90
00070.png;940;231;1247;310;1;0.90
00070.png;940;231;1247;310;1;0.90
00070.png;940;231;1247;310;1;0.90
00070.png;940;231;1247;310;1;0.90
00070.png;586;132;902;431;1;0.88
00070.png;586;132;902;431;1;0.88
00070.png;586;132;902;431;1;0.88
00070.png;586;131;902;431;1;0.88
00070.png;586;131;902;431;1;0.88
00070.png;586;131;902;431;1;0.88
00070.png;586;131;902;431;1;0.88
00070.png;586;131;902;431;1;0.88
00070.png;586;131;902;431;1;0.88
00070.png;585;131;902;431;1;0.87
00071.png;1506;344;1583;425;1;0.63
00071.png;1504;340;1585;426;1;0.67
00071.png;1504;340;1585;427;1;0.67
00071.png;1504;340;1586;427;1;0.68
00072.png;671;82;967;315;1;0.46
00072.png;665;68;969;316;1;0.43
00074.png;1217;380;1571;527;1;0.86
00074.png;1217;380;1571;528;1;0.86
00074.png;1217;379;1572;528;1;0.85
00074.png;1394;310;1568;376;1;0.79
00074.png;1394;309;1568;376;1;0.78
00074.png;1394;309;1568;376;1;0.78
00074.png;1394;309;1568;376;1;0.78
00074.png;1393;309;1569;376;1;0.78
00074.png;1217;303;1381;370;1;0.89
00074.png;1217;303;1381;370;1;0.89
00074.png;1217;302;1382;370;1;0.88
00074.png;1216;302;1382;370;1;0.87
00074.png;1216;302;1382;370;1;0.87
00074.png;1216;302;1382;370;1;0.87
00074.png;1215;302;1382;371;1;0.86
00075.png;824;152;1137;275;1;0.44
00075.png;822;150;1139;277;1;0.41
00076.png;1200;343;1544;534;1;0.73
00083.png;1467;332;1739;479;1;0.72
00083.png;1467;332;1739;479;1;0.72
00083.png;1467;332;1739;479;1;0.72
00083.png;1466;332;1740;479;1;0.72
00083.png;1465;331;1741;480;1;0.70
00083.png;1465;331;1741;480;1;0.70
00084.png;1415;111;1578;172;1;1.00
00084.png;1415;111;1578;173;1;1.00
00084.png;1415;111;1578;173;1;1.00
00084.png;1415;110;1579;173;1;1.00
00084.png;1415;110;1579;173;1;1.00
00084.png;1415;110;1579;173;1;1.00
00084.png;1414;110;1579;174;1;1.00
00084.png;1595;104;1843;168;1;1.00
00084.png;1595;104;1843;168;1;1.00
00084.png;1595;104;1844;168;1;1.00
00084.png;1594;104;1844;168;1;1.00
00084.png;1594;103;1844;169;1;1.00
00084.png;1594;103;1844;169;1;1.00
00084.png;1594;103;1844;169;1;1.00
00084.png;1407;97;1853;235;1;0.96
00084.png;1407;97;1853;236;1;0.96
00084.png;1421;182;1851;415;1;0.91
00084.png;1420;182;1852;416;1;0.91
00084.png;1420;182;1852;416;1;0.91
00084.png;1420;181;1852;416;1;0.91
00084.png;1419;181;1852;416;1;0.91
00084.png;1419;181;1852;416;1;0.91
00084.png;1419;181;1852;416;1;0.91
00084.png;1419;181;1853;417;1;0.90
00084.png;1419;181;1853;417;1;0.90
00084.png;1419;181;1853;417;1;0.90
00084.png;1418;180;1853;417;1;0.90
00084.png;1418;180;1854;418;1;0.90
00084.png;1407;97;1853;237;1;0.96
00084.png;1523;624;1644;657;1;0.40
00084.png;1613;112;1676;165;1;1.00
00084.png;1585;307;1686;341;1;1.00
00084.png;1585;307;1686;342;1;1.00
00084.png;1585;307;1687;342;1;1.00
00084.png;1585;307;1687;342;1;1.00
00084.png;1446;310;1584;345;1;1.00
00084.png;1535;264;1665;297;1;1.00
00085.png;1272;347;1633;513;1;0.89
00085.png;1272;346;1634;513;1;0.89
00085.png;1272;346;1634;513;1;0.89
00085.png;1272;346;1634;513;1;0.89
00085.png;1271;346;1634;513;1;0.89
00085.png;1271;346;1635;513;1;0.88
00085.png;1271;345;1635;514;1;0.88
00085.png;1270;345;1636;514;1;0.88
00085.png;1266;311;1356;363;1;0.93
00085.png;1266;311;1356;363;1;0.93
00085.png;1265;311;1356;363;1;0.92
00085.png;1265;311;1356;363;1;0.92
00085.png;1264;311;1356;364;1;0.91
00085.png;1264;310;1357;364;1;0.90
00085.png;1370;285;1618;352;1;0.80
00085.png;1370;285;1618;352;1;0.80
00085.png;1369;285;1618;352;1;0.80
00085.png;1369;285;1618;352;1;0.80
00085.png;1369;285;1619;353;1;0.80
00085.png;1369;285;1619;353;1;0.80
00085.png;1369;284;1619;353;1;0.79
00085.png;1369;284;1619;353;1;0.79
00085.png;1368;284;1619;353;1;0.79
00085.png;1264;310;1357;364;1;0.90
00085.png;1270;345;1636;514;1;0.88
00086.png;1245;351;1610;524;1;0.88
00086.png;1245;351;1610;524;1;0.88
00086.png;1245;350;1610;524;1;0.88
00086.png;1244;350;1610;524;1;0.88
00086.png;1244;350;1611;524;1;0.87
00086.png;1244;349;1611;524;1;0.87
00086.png;1244;349;1611;525;1;0.87
00086.png;1244;349;1611;525;1;0.87
00086.png;1243;349;1611;525;1;0.87
00086.png;1243;348;1611;525;1;0.87
00086.png;1253;274;1412;337;1;0.97
00086.png;1253;273;1412;337;1;0.97
00086.png;1253;273;1412;337;1;0.97
00086.png;1252;273;1412;337;1;0.96
00086.png;1252;273;1412;337;1;0.96
00086.png;1252;273;1413;337;1;0.96
00086.png;1252;272;1413;337;1;0.96
00086.png;1252;272;1413;338;1;0.96
00086.png;1252;272;1413;338;1;0.96
00086.png;1251;272;1413;338;1;0.96
00086.png;1251;272;1413;338;1;0.96
00086.png;1251;272;1413;338;1;0.96
00086.png;1251;272;1414;338;1;0.96
00086.png;1251;272;1414;338;1;0.96
00086.png;1251;271;1414;338;1;0.95
00086.png;1251;271;1414;338;1;0.95
00086.png;1432;284;1613;346;1;0.90
00086.png;1431;284;1613;347;1;0.90
00086.png;1431;284;1614;347;1;0.90
00086.png;1431;283;1614;347;1;0.89
00086.png;1431;283;1614;347;1;0.89
00086.png;1430;283;1614;347;1;0.89
00086.png;1430;282;1615;348;1;0.88
00086.png;1430;282;1615;348;1;0.88
00086.png;1430;282;1615;348;1;0.88
00086.png;1430;282;1615;348;1;0.88
00086.png;1430;282;1615;348;1;0.88
00086.png;1429;282;1615;348;1;0.88
00086.png;1429;282;1615;348;1;0.88
00086.png;1429;282;1615;349;1;0.88
00086.png;1251;271;1414;338;1;0.95
00086.png;1429;281;1616;349;1;0.87
00086.png;1246;267;1418;343;1;0.88
00086.png;1246;267;1419;343;1;0.88
00086.png;1246;266;1419;343;1;0.87
00086.png;1246;266;1419;343;1;0.87
00086.png;1246;266;1419;344;1;0.88
00086.png;1238;343;1615;529;1;0.83
00086.png;1238;343;1616;529;1;0.83
00086.png;1238;343;1616;529;1;0.83
00086.png;1237;343;1616;529;1;0.83
00086.png;1237;343;1616;530;1;0.83
00086.png;1237;342;1617;530;1;0.83
00086.png;1237;342;1617;530;1;0.83
00086.png;1236;342;1617;530;1;0.82
00087.png;1324;381;1423;499;1;0.97
00087.png;1324;380;1423;499;1;0.96
00087.png;1323;380;1423;500;1;0.95
00087.png;1323;380;1423;500;1;0.95
00087.png;1323;380;1423;500;1;0.95
00087.png;1323;380;1423;500;1;0.95
00087.png;1323;379;1424;500;1;0.94
00087.png;1323;379;1424;500;1;0.94
00087.png;1323;379;1424;500;1;0.94
00087.png;884;219;1116;371;1;0.91
00087.png;883;219;1116;371;1;0.91
00087.png;883;219;1117;371;1;0.90
00087.png;883;219;1118;372;1;0.90
00087.png;882;219;1118;372;1;0.89
00087.png;1001;179;1119;224;1;0.93
00087.png;1001;179;1119;224;1;0.93
00087.png;1001;179;1119;224;1;0.93
00087.png;1001;178;1119;225;1;0.91
00087.png;1001;178;1120;225;1;0.91
00087.png;1000;178;1120;225;1;0.91
00087.png;1000;178;1120;225;1;0.91
00087.png;1000;178;1120;225;1;0.91
00087.png;1000;178;1120;226;1;0.92
00087.png;895;169;989;212;1;0.96
00087.png;895;169;989;213;1;0.96
00087.png;894;168;990;213;1;0.95
00087.png;894;168;990;213;1;0.95
00087.png;894;168;990;213;1;0.95
00087.png;894;168;990;214;1;0.95
00087.png;893;168;990;214;1;0.95
00087.png;893;167;990;214;1;0.94
00087.png;893;167;991;214;1;0.94
00087.png;893;167;991;214;1;0.94
00087.png;1339;1039;1448;1079;1;0.67
00087.png;962;235;1044;268;1;0.46
00088.png;665;154;903;368;1;0.95
00088.png;665;154;903;368;1;0.95
00088.png;664;154;904;369;1;0.94
00088.png;664;154;904;369;1;0.94
00088.png;664;154;904;369;1;0.94
00088.png;664;153;904;369;1;0.94
00088.png;663;153;905;370;1;0.93
00088.png;662;153;905;370;1;0.93
00088.png;662;153;905;370;1;0.93
00088.png;662;152;905;370;1;0.92
00088.png;659;152;906;370;1;0.91
00089.png;1368;371;1627;497;1;0.92
00089.png;1368;371;1628;497;1;0.92
00089.png;1368;371;1628;497;1;0.92
00089.png;1368;370;1628;497;1;0.92
00089.png;1367;370;1628;497;1;0.91
00089.png;1367;370;1628;497;1;0.91
00089.png;1367;370;1628;497;1;0.91
00089.png;1367;370;1628;497;1;0.91
00089.png;1367;370;1628;497;1;0.91
00089.png;1367;370;1628;497;1;0.91
00089.png;1367;369;1629;498;1;0.90
00089.png;1366;369;1629;498;1;0.90
00089.png;1366;369;1629;498;1;0.90
00089.png;1366;369;1629;498;1;0.90
00089.png;1362;365;1633;502;1;0.84
00089.png;1361;364;1633;503;1;0.82
00089.png;1361;364;1634;503;1;0.82
00089.png;1361;364;1634;503;1;0.82
00089.png;1361;364;1634;504;1;0.81
00089.png;1361;364;1634;504;1;0.81
00089.png;1360;363;1634;504;1;0.80
00089.png;1360;363;1634;504;1;0.80
00089.png;1360;363;1635;504;1;0.80
00089.png;1360;363;1635;504;1;0.80
00089.png;1414;381;1499;417;1;0.72
00089.png;1413;381;1499;417;1;0.72
00089.png;1413;381;1499;417;1;0.72
00090.png;1479;247;1808;508;1;0.90
00090.png;1478;246;1808;509;1;0.90
00090.png;1478;246;1808;509;1;0.90
00090.png;1478;246;1808;509;1;0.90
00090.png;1478;246;1809;509;1;0.90
00090.png;1478;246;1809;509;1;0.90
00090.png;1478;246;1809;509;1;0.90
00090.png;1478;246;1809;509;1;0.90
00090.png;1484;185;1640;236;1;1.00
00090.png;1484;185;1640;236;1;1.00
00090.png;1484;185;1640;236;1;1.00
00090.png;1484;185;1640;236;1;1.00
00090.png;1483;185;1640;236;1;0.99
00090.png;1483;185;1641;237;1;0.99
00090.png;1477;245;1810;510;1;0.89
00090.png;1477;245;1810;510;1;0.89
00090.png;1654;190;1809;240;1;0.97
00090.png;1654;190;1810;240;1;0.97
00090.png;1654;189;1810;240;1;0.97
00090.png;1653;189;1810;240;1;0.97
00090.png;1653;189;1811;241;1;0.97
00090.png;1653;189;1811;241;1;0.97
00090.png;1653;188;1811;241;1;0.97
00090.png;1653;188;1812;241;1;0.97
00090.png;1477;182;1816;510;1;0.90
00090.png;1477;182;1816;510;1;0.90
00090.png;1477;182;1816;510;1;0.90
00090.png;1477;182;1816;510;1;0.90
00090.png;1699;339;1792;420;1;0.66
00090.png;1699;338;1792;420;1;0.66
00090.png;1698;338;1793;420;1;0.67
00090.png;1698;338;1793;420;1;0.67
00090.png;1698;338;1793;420;1;0.67
00090.png;1698;338;1793;421;1;0.67
00090.png;1697;338;1794;421;1;0.68
00090.png;1697;338;1794;421;1;0.68
00090.png;1697;338;1794;421;1;0.68
00090.png;1697;338;1794;421;1;0.68
00090.png;1697;338;1794;421;1;0.68
00090.png;1697;337;1794;422;1;0.69
00090.png;1696;337;1795;422;1;0.69
00090.png;1696;337;1795;422;1;0.69
00090.png;1695;337;1795;423;1;0.70
00090.png;1695;337;1795;423;1;0.70
00090.png;1695;337;1796;423;1;0.70
00090.png;1694;336;1796;424;1;0.71
00091.png;866;131;1103;342;1;0.83
00091.png;866;130;1103;342;1;0.83
00091.png;865;130;1103;342;1;0.83
00091.png;861;105;945;144;1;0.94
00091.png;861;105;945;145;1;0.94
00091.png;860;105;945;154;1;0.94
00091.png;860;105;945;155;1;0.94
00091.png;865;130;1104;343;1;0.82
00091.png;864;130;1104;343;1;0.82
00091.png;989;90;1082;130;1;0.94
00091.png;954;89;1083;133;1;0.89
00091.png;954;88;1083;133;1;0.88
00091.png;954;88;1083;133;1;0.88
00091.png;954;88;1084;133;1;0.88
00091.png;954;88;1084;133;1;0.88
00091.png;954;88;1084;133;1;0.88
00091.png;953;87;1084;133;1;0.86
00091.png;859;104;1104;343;1;0.82
00091.png;859;104;1104;343;1;0.82
00091.png;859;87;1104;343;1;0.78
00091.png;899;150;974;186;1;0.43
00091.png;910;205;986;240;1;0.45
00091.png;898;149;974;187;1;0.47
00092.png;730;86;924;376;1;0.88
00092.png;730;85;924;376;1;0.87
00092.png;730;85;924;376;1;0.87
00092.png;729;85;924;377;1;0.87
00092.png;728;84;925;377;1;0.86
00092.png;728;84;925;378;1;0.85
00092.png;728;84;925;378;1;0.85
00092.png;727;84;925;378;1;0.85
00092.png;758;151;883;188;1;0.99
00092.png;758;150;883;188;1;0.99
00093.png;793;239;1063;357;1;0.84
00093.png;793;239;1063;357;1;0.84
00093.png;793;238;1064;358;1;0.83
00093.png;793;238;1064;358;1;0.83
00093.png;793;238;1064;358;1;0.83
00093.png;793;238;1064;358;1;0.83
00093.png;793;238;1064;358;1;0.83
00093.png;793;238;1064;358;1;0.83
00093.png;793;238;1064;358;1;0.83
00093.png;793;238;1064;358;1;0.83
00093.png;792;238;1064;358;1;0.83
00093.png;792;238;1065;358;1;0.83
00093.png;792;238;1065;359;1;0.82
00093.png;792;238;1065;359;1;0.82
00093.png;792;238;1065;359;1;0.82
00093.png;792;238;1065;359;1;0.82
00093.png;792;237;1065;359;1;0.81
00093.png;792;237;1065;359;1;0.81
00093.png;792;237;1065;359;1;0.81
00093.png;792;237;1065;359;1;0.81
00093.png;792;237;1065;359;1;0.81
00093.png;788;234;1068;363;1;0.76
00093.png;788;234;1068;363;1;0.76
00093.png;788;234;1068;363;1;0.76
00093.png;788;233;1069;363;1;0.75
00093.png;788;233;1069;363;1;0.75
00093.png;788;233;1069;363;1;0.75
00093.png;788;233;1069;363;1;0.75
00093.png;787;233;1069;364;1;0.74
00093.png;787;233;1069;364;1;0.74
00093.png;787;233;1069;364;1;0.74
00093.png;787;233;1069;364;1;0.74
00093.png;787;233;1069;364;1;0.74
00093.png;787;232;1069;364;1;0.74
00093.png;787;232;1069;364;1;0.74
00093.png;787;232;1069;364;1;0.74
00094.png;1215;166;1384;312;1;0.87
00094.png;1215;166;1384;313;1;0.86
00094.png;1215;166;1384;313;1;0.86
00094.png;1215;165;1384;313;1;0.86
00094.png;1215;165;1384;313;1;0.86
00094.png;1214;165;1384;313;1;0.86
00094.png;1214;165;1384;313;1;0.86
00094.png;1214;165;1384;313;1;0.86
00094.png;1214;165;1384;313;1;0.86
00094.png;1214;165;1385;313;1;0.86
00094.png;1214;165;1385;313;1;0.86
00094.png;1214;165;1385;313;1;0.86
00094.png;1214;165;1385;313;1;0.86
00094.png;1214;165;1385;313;1;0.86
00094.png;1214;165;1385;313;1;0.86
00094.png;1214;165;1385;314;1;0.85
00094.png;1214;165;1385;314;1;0.85
00094.png;1214;165;1385;314;1;0.85
00094.png;1214;165;1385;314;1;0.85
00094.png;1214;165;1385;314;1;0.85
00094.png;1214;164;1385;314;1;0.85
00094.png;1212;115;1377;163;1;0.82
00094.png;1212;115;1377;163;1;0.82
00094.png;1212;115;1377;163;1;0.82
00094.png;1212;115;1377;163;1;0.82
00094.png;1212;115;1377;163;1;0.82
00094.png;1212;115;1377;163;1;0.82
00094.png;1212;115;1377;164;1;0.82
00094.png;1211;115;1377;164;1;0.82
00094.png;1211;115;1377;164;1;0.82
00094.png;1211;114;1377;164;1;0.80
00094.png;1211;114;1377;164;1;0.80
00094.png;1211;114;1377;164;1;0.80
00094.png;1211;114;1377;164;1;0.80
00094.png;1211;114;1377;164;1;0.80
00094.png;1211;114;1377;164;1;0.80
00094.png;1211;114;1377;164;1;0.80
00094.png;1211;114;1377;164;1;0.80
00094.png;1211;114;1377;164;1;0.80
00094.png;1211;114;1378;164;1;0.80
00094.png;1211;114;1378;165;1;0.80
00094.png;1211;114;1378;165;1;0.80
00094.png;1211;114;1378;165;1;0.80
00094.png;832;218;1032;286;1;0.71
00094.png;832;218;1033;286;1;0.71
00094.png;832;217;1033;286;1;0.70
00094.png;831;217;1033;286;1;0.70
00094.png;831;217;1033;286;1;0.70
00094.png;831;217;1033;286;1;0.70
00094.png;831;217;1033;286;1;0.70
00094.png;831;216;1033;287;1;0.68
00094.png;831;216;1033;287;1;0.68
00094.png;831;216;1033;287;1;0.68
00094.png;831;216;1033;287;1;0.68
00094.png;831;216;1033;287;1;0.68
00094.png;831;216;1033;287;1;0.68
00094.png;831;216;1034;287;1;0.68
00094.png;831;216;1034;287;1;0.68
00094.png;831;216;1034;287;1;0.68
00094.png;831;216;1034;287;1;0.68
00094.png;831;216;1034;287;1;0.68
00094.png;831;216;1034;287;1;0.68
00094.png;831;215;1034;287;1;0.67
00094.png;831;215;1034;288;1;0.66
00095.png;1602;283;1814;352;1;0.79
00095.png;1601;283;1814;352;1;0.79
00095.png;1601;282;1814;352;1;0.78
00095.png;1601;282;1814;352;1;0.78
00095.png;1601;282;1814;352;1;0.78
00095.png;1601;282;1815;353;1;0.76
00095.png;1601;281;1815;353;1;0.75
00095.png;1386;285;1583;352;1;0.86
00095.png;1386;284;1583;353;1;0.85
00095.png;1386;284;1583;353;1;0.85
00095.png;1386;284;1584;353;1;0.84
00095.png;1595;278;1820;358;1;0.66
00095.png;1595;278;1820;358;1;0.66
00095.png;1594;277;1820;358;1;0.65
00095.png;1594;277;1820;358;1;0.65
00095.png;1594;277;1820;358;1;0.65
00095.png;1380;278;1590;358;1;0.71
00095.png;1380;278;1590;359;1;0.70
00095.png;1379;278;1590;359;1;0.70
00095.png;1379;278;1590;359;1;0.70
00095.png;1379;277;1590;359;1;0.69
00095.png;1379;277;1590;359;1;0.69
00095.png;1379;277;1590;359;1;0.69
00095.png;1383;365;1830;566;1;0.71
00095.png;1383;365;1830;567;1;0.70
00095.png;1383;365;1830;567;1;0.70
00095.png;1383;364;1830;567;1;0.70
00095.png;1383;364;1830;567;1;0.70
00095.png;1383;364;1831;567;1;0.70
00095.png;1383;364;1831;568;1;0.69
00095.png;1383;364;1831;568;1;0.69
00095.png;1723;427;1790;498;1;0.55
00095.png;1723;426;1790;498;1;0.56
00095.png;1723;426;1790;498;1;0.56
00095.png;1723;426;1790;498;1;0.56
00095.png;1723;426;1790;498;1;0.56
00095.png;1723;426;1790;498;1;0.56
00095.png;1723;426;1790;498;1;0.56
00095.png;1722;426;1790;499;1;0.57
00095.png;1722;425;1790;499;1;0.58
00096.png;1420;239;1514;283;1;0.92
00096.png;1419;239;1514;284;1;0.90
00096.png;1419;239;1514;284;1;0.90
00096.png;1419;239;1514;284;1;0.90
00096.png;1419;239;1514;284;1;0.90
00096.png;1419;238;1514;284;1;0.88
00096.png;1419;238;1514;284;1;0.88
00096.png;1418;238;1514;284;1;0.88
00096.png;1418;238;1515;284;1;0.88
00096.png;1418;238;1515;284;1;0.88
00096.png;1418;238;1515;284;1;0.88
00096.png;1418;238;1515;284;1;0.88
00096.png;1526;230;1645;276;1;0.85
00096.png;1526;230;1645;276;1;0.85
00096.png;1526;230;1645;276;1;0.85
00096.png;1525;229;1645;276;1;0.83
00096.png;1525;229;1645;276;1;0.83
00096.png;1525;229;1646;276;1;0.83
00096.png;1525;229;1646;276;1;0.83
00096.png;1525;229;1646;276;1;0.83
00096.png;1525;229;1646;276;1;0.83
00096.png;1525;229;1646;276;1;0.83
00096.png;1525;229;1646;276;1;0.83
00096.png;1525;229;1646;277;1;0.83
00096.png;1525;229;1646;277;1;0.83
00096.png;1525;229;1646;277;1;0.83
00096.png;1421;281;1650;371;1;0.61
00096.png;1421;281;1650;371;1;0.61
00096.png;1421;281;1650;372;1;0.61
00096.png;1421;281;1650;372;1;0.61
00096.png;1421;280;1650;372;1;0.61
00096.png;1421;280;1650;372;1;0.61
00096.png;1420;280;1650;372;1;0.61
00096.png;1420;280;1650;373;1;0.60
00096.png;1420;279;1650;373;1;0.60
00096.png;1420;279;1650;373;1;0.60
00097.png;788;119;1081;342;1;0.74
00097.png;788;119;1081;342;1;0.74
00097.png;788;118;1082;343;1;0.73
00097.png;788;118;1082;343;1;0.73
00097.png;788;117;1083;344;1;0.72
00097.png;825;167;906;202;1;0.83
00098.png;1369;429;1499;487;1;0.77
00098.png;1369;429;1499;487;1;0.77
00098.png;1369;429;1499;487;1;0.77
00098.png;1369;429;1500;487;1;0.77
00098.png;1369;429;1500;488;1;0.77
00098.png;1369;429;1500;488;1;0.77
00098.png;1369;429;1500;488;1;0.77
00098.png;1369;428;1500;488;1;0.76
00098.png;1369;428;1500;488;1;0.76
00098.png;1368;428;1500;488;1;0.76
00098.png;1368;428;1501;488;1;0.76
00098.png;1368;428;1501;488;1;0.76
00098.png;1368;428;1501;488;1;0.76
00098.png;1368;428;1501;488;1;0.76
00098.png;1368;428;1501;488;1;0.76
00098.png;1368;428;1501;488;1;0.76
00098.png;1368;428;1501;488;1;0.76
00098.png;1368;427;1501;488;1;0.74
00098.png;1230;419;1355;477;1;0.86
00098.png;1230;419;1356;477;1;0.86
00098.png;1230;419;1356;477;1;0.86
00098.png;1230;419;1356;477;1;0.86
00098.png;1230;419;1356;477;1;0.86
00098.png;1230;419;1356;477;1;0.86
00098.png;1230;419;1356;477;1;0.86
00098.png;1230;419;1356;477;1;0.86
00098.png;1230;419;1356;478;1;0.85
00098.png;1230;419;1356;478;1;0.85
00098.png;1229;419;1356;478;1;0.85
00098.png;1229;418;1356;478;1;0.84
00098.png;1229;418;1356;478;1;0.84
00098.png;1229;418;1357;478;1;0.84
00098.png;1229;418;1357;478;1;0.84
00098.png;1229;418;1357;478;1;0.84
00098.png;1229;418;1357;478;1;0.84
00098.png;1229;418;1357;478;1;0.84
00098.png;1229;418;1357;478;1;0.84
00098.png;1229;418;1357;478;1;0.84
00098.png;1229;418;1357;478;1;0.84
00098.png;1229;418;1357;478;1;0.84
00098.png;1226;487;1495;564;1;0.80
00098.png;1225;487;1496;564;1;0.79
00098.png;1225;487;1496;564;1;0.79
00098.png;1225;487;1496;564;1;0.79
00098.png;1225;487;1496;564;1;0.79
00098.png;1225;487;1496;564;1;0.79
00098.png;1225;486;1496;565;1;0.78
00098.png;1225;486;1496;565;1;0.78
00098.png;1225;486;1497;565;1;0.78
00098.png;1225;486;1497;565;1;0.78
00098.png;1225;486;1497;565;1;0.78
00098.png;1225;486;1497;565;1;0.78
00098.png;1224;486;1497;565;1;0.78
00098.png;1224;486;1497;565;1;0.78
00098.png;1224;486;1497;565;1;0.78
00098.png;1224;486;1497;565;1;0.78
00098.png;1224;486;1497;565;1;0.78
00098.png;1224;486;1497;565;1;0.78
00098.png;1220;482;1500;569;1;0.73
00098.png;1220;482;1500;569;1;0.73
00098.png;1220;482;1500;569;1;0.73
00098.png;1220;482;1500;569;1;0.73
00098.png;1220;482;1501;569;1;0.73
00098.png;1220;482;1501;569;1;0.73
00098.png;1220;482;1501;569;1;0.73
00098.png;1220;482;1501;570;1;0.72
00098.png;1220;482;1501;570;1;0.72
00098.png;1220;482;1501;570;1;0.72
00098.png;1219;481;1501;570;1;0.72
00098.png;1219;481;1501;570;1;0.72
00098.png;1219;481;1501;570;1;0.72
00098.png;1219;481;1501;570;1;0.72
00099.png;1180;386;1271;423;1;0.87
00099.png;1180;386;1271;423;1;0.87
00099.png;1180;386;1271;423;1;0.87
00099.png;1180;386;1271;423;1;0.87
00099.png;1180;386;1272;423;1;0.87
00099.png;1180;385;1272;423;1;0.85
00099.png;1180;385;1272;423;1;0.85
00099.png;1179;385;1272;424;1;0.84
00099.png;1179;385;1272;424;1;0.84
00099.png;1179;385;1272;424;1;0.84
00099.png;1179;385;1272;424;1;0.84
00099.png;1179;385;1272;424;1;0.84
00099.png;1279;393;1413;435;1;0.78
00099.png;1279;393;1413;435;1;0.78
00099.png;1279;393;1413;435;1;0.78
00099.png;1279;393;1413;435;1;0.78
00099.png;1279;393;1413;435;1;0.78
00099.png;1279;393;1413;435;1;0.78
00099.png;1279;392;1413;435;1;0.76
00099.png;1279;392;1413;436;1;0.76
00099.png;1279;392;1413;436;1;0.76
00099.png;1279;392;1413;436;1;0.76
00099.png;1279;392;1413;436;1;0.76
00099.png;1279;392;1413;436;1;0.76
00099.png;1279;392;1413;436;1;0.76
00099.png;1279;392;1413;436;1;0.76
00099.png;1171;426;1410;560;1;0.80
00099.png;1171;426;1411;561;1;0.79
00099.png;1171;426;1411;561;1;0.79
00099.png;1171;426;1411;561;1;0.79
00099.png;1171;425;1411;561;1;0.79
00099.png;1176;492;1337;547;1;0.83
00099.png;1176;492;1337;548;1;0.83
00099.png;1176;492;1337;548;1;0.83
00099.png;1176;491;1337;548;1;0.83
00099.png;1170;425;1411;561;1;0.78
00099.png;1170;425;1411;562;1;0.79
00100.png;1038;113;1216;159;1;0.92
00100.png;1038;113;1216;159;1;0.92
00100.png;1038;112;1216;159;1;0.91
00100.png;1038;112;1216;159;1;0.91
00100.png;1037;112;1216;160;1;0.90
00100.png;1037;112;1216;160;1;0.90
00100.png;1037;112;1216;160;1;0.90
00100.png;1037;111;1217;160;1;0.89
00100.png;1037;111;1217;160;1;0.89
00100.png;1037;111;1217;160;1;0.89
00100.png;920;111;1028;155;1;0.96
00100.png;920;111;1028;156;1;0.96
00100.png;920;111;1028;156;1;0.96
00100.png;920;111;1028;156;1;0.96
00100.png;920;110;1029;156;1;0.96
00100.png;920;110;1029;156;1;0.96
00100.png;920;110;1029;156;1;0.96
00100.png;920;110;1029;156;1;0.96
00100.png;919;110;1029;156;1;0.96
00100.png;919;109;1029;156;1;0.94
00100.png;919;109;1029;156;1;0.94
00100.png;918;165;1214;347;1;0.90
00100.png;918;165;1214;348;1;0.89
00100.png;918;165;1214;348;1;0.89
00100.png;927;280;1121;336;1;0.85
00100.png;927;280;1122;336;1;0.85
00100.png;927;280;1122;336;1;0.85
00100.png;927;280;1122;336;1;0.85
00100.png;918;165;1215;348;1;0.89
00100.png;918;165;1215;348;1;0.89
00100.png;917;165;1215;348;1;0.89
00100.png;917;165;1215;348;1;0.89
00100.png;917;164;1215;349;1;0.89
00101.png;635;95;872;344;1;0.90
00101.png;635;95;872;344;1;0.90
00101.png;635;94;872;344;1;0.90
00101.png;635;94;873;344;1;0.89
00101.png;635;94;873;345;1;0.89
00101.png;635;94;873;345;1;0.89
00101.png;635;94;873;345;1;0.89
00101.png;635;94;873;345;1;0.89
00101.png;635;94;873;345;1;0.89
00101.png;635;93;873;345;1;0.88
00101.png;634;93;873;345;1;0.88
